    TS         Day   Newton          W1:BHP             W1:WAT             W1:OIL          W2:BHP             W2:WAT             W2:OIL
     1      0.0010        2     4.00000e+02    -7.79261e+02    -1.13122e-07     2.40428e+02     3.49496e-07     4.00000e+01
     2      0.0030        2     4.00000e+02    -6.03583e+02    -8.76196e-08     2.38426e+02     7.24324e-07     4.00000e+01
     3      0.0070        2     4.00000e+02    -5.32611e+02    -7.73169e-08     2.36688e+02     1.04952e-06     4.00000e+01
     4      0.0150        2     4.00000e+02    -5.70100e+02    -8.27590e-08     2.35343e+02     1.30106e-06     4.00000e+01
     5      0.0310        2     4.00000e+02    -6.81817e+02    -9.89765e-08     2.34267e+02     1.50195e-06     4.00000e+01
     6      0.0630        3     4.00000e+02    -7.90627e+02    -1.14772e-07     2.33326e+02     1.67750e-06     4.00000e+01
     7      0.1270        3     4.00000e+02    -8.70370e+02    -1.26348e-07     2.32448e+02     1.84033e-06     4.00000e+01
     8      0.2550        4     4.00000e+02    -9.25214e+02    -1.34310e-07     2.31598e+02     1.99677e-06     4.00000e+01
     9      0.5110        4     4.00000e+02    -9.52804e+02    -1.38315e-07     2.30735e+02     2.15279e-06     4.00000e+01
    10      1.0230        4     4.00000e+02    -9.40321e+02    -1.36503e-07     2.29797e+02     2.31764e-06     4.00000e+01
    11      2.0470        5     4.00000e+02    -8.81048e+02    -1.27898e-07     2.28713e+02     2.49951e-06     4.00000e+01
    12      4.0950        6     4.00000e+02    -7.92722e+02    -1.15076e-07     2.27593e+02     2.66869e-06     4.00000e+01
    13      8.1910        8     4.00000e+02    -6.91890e+02    -1.00439e-07     2.27731e+02     2.56835e-06     4.00000e+01
    14     12.2870        5     4.00000e+02    -6.22445e+02    -9.03578e-08     2.29772e+02     2.11757e-06     4.00000e+01
    15     20.4790        9     4.00000e+02    -5.26459e+02    -7.64239e-08     2.38508e+02     4.07761e-07     4.00000e+01
    16     28.6710        6     4.00000e+02    -4.53889e+02    -6.58892e-08     2.49499e+02     0.00000e+00     4.00000e+01
    17     45.0550       10     4.00000e+02    -3.55805e+02    -5.16507e-08     2.71848e+02     0.00000e+00     4.00000e+01
    18     61.4390        6     4.00000e+02    -2.83338e+02    -4.11310e-08     2.91350e+02     0.00000e+00     4.00000e+01
    19     94.2070        9     4.00000e+02    -1.92862e+02    -2.79970e-08     3.17865e+02     0.00000e+00     4.00000e+01
    20    159.7430        9     4.00000e+02    -1.08555e+02    -1.57585e-08     3.42681e+02     0.00000e+00     4.00000e+01
    21    290.8150       10     4.00000e+02    -5.91369e+01    -8.58467e-09     3.57111e+02     0.00000e+00     4.00000e+01
    22    365.0000        3     4.00000e+02    -4.75686e+01    -6.90534e-09     3.60537e+02     0.00000e+00     4.00000e+01
    23    496.0720        8     4.00000e+02    -4.19760e+01    -6.09349e-09     3.62424e+02     0.00000e+00     4.00000e+01
    24    613.0360        6     4.00000e+02    -4.05154e+01    -5.88145e-09     3.63134e+02     0.00000e+00     4.00000e+01
    25    730.0000        6     4.00000e+02    -4.00947e+01    -5.82038e-09     3.63565e+02     0.00000e+00     4.00000e+01
    26    846.9640        6     4.00000e+02    -3.99727e+01    -5.80268e-09     3.63918e+02     0.00000e+00     4.00000e+01
    27    963.9280        7     4.00000e+02    -3.99350e+01    -5.79721e-09     3.64250e+02     0.00000e+00     4.00000e+01
    28   1029.4640        4     4.00000e+02    -3.99382e+01    -5.79767e-09     3.64450e+02     0.00000e+00     4.00000e+01
    29   1095.0000        5     4.00000e+02    -3.99359e+01    -5.79734e-09     3.64648e+02     0.00000e+00     4.00000e+01
    30   1160.5360       10     4.00000e+02    -3.99343e+01    -5.79710e-09     3.64707e+02     9.00238e-03     4.00000e+01
    31   1226.0720        6     4.00000e+02    -4.01048e+01    -5.82185e-09     3.64109e+02     3.23906e-01     4.00000e+01
    32   1291.6080        5     4.00000e+02    -4.07253e+01    -5.91192e-09     3.63134e+02     1.27243e+00     4.00000e+01
    33   1422.6800        9     4.00000e+02    -4.31479e+01    -6.26361e-09     3.61018e+02     4.08512e+00     4.00000e+01
    34   1460.0000        2     4.00000e+02    -4.40671e+01    -6.39704e-09     3.60336e+02     5.21301e+00     4.00000e+01
    35   1591.0720        6     4.00000e+02    -4.85096e+01    -7.04194e-09     3.57573e+02     1.00260e+01     4.00000e+01
    36   1708.0360        5     4.00000e+02    -5.32684e+01    -7.73276e-09     3.55082e+02     1.49880e+01     4.00000e+01
    37   1825.0000        5     4.00000e+02    -5.82367e+01    -8.45399e-09     3.52806e+02     1.99607e+01     4.00000e+01
    38   1941.9640        5     4.00000e+02    -6.32374e+01    -9.17991e-09     3.50700e+02     2.49183e+01     4.00000e+01
    39   2175.8920       10     4.00000e+02    -7.36199e+01    -1.06871e-08     3.46598e+02     3.53255e+01     4.00000e+01
    40   2190.0000        2     4.00000e+02    -7.43003e+01    -1.07859e-08     3.46339e+02     3.60431e+01     4.00000e+01
    41   2372.5000        6     4.00000e+02    -8.39323e+01    -1.21841e-08     3.42759e+02     4.58227e+01     4.00000e+01
    42   2555.0000        7     4.00000e+02    -9.49326e+01    -1.37810e-08     3.38878e+02     5.69880e+01     4.00000e+01
    43   2737.5000        7     4.00000e+02    -1.07109e+02    -1.55486e-08     3.34849e+02     6.92816e+01     4.00000e+01
    44   2920.0000        7     4.00000e+02    -1.20230e+02    -1.74532e-08     3.30782e+02     8.24740e+01     4.00000e+01
    45   3102.5000        6     4.00000e+02    -1.34208e+02    -1.94824e-08     3.26694e+02     9.65078e+01     4.00000e+01
    46   3285.0000        6     4.00000e+02    -1.49206e+02    -2.16596e-08     3.22503e+02     1.11583e+02     4.00000e+01
    47   3467.5000        6     4.00000e+02    -1.65615e+02    -2.40416e-08     3.18067e+02     1.28116e+02     4.00000e+01
    48   3650.0000        7     4.00000e+02    -1.83849e+02    -2.66887e-08     3.13265e+02     1.46519e+02     4.00000e+01
    49   3832.5000        7     4.00000e+02    -2.04231e+02    -2.96474e-08     3.08035e+02     1.67095e+02     4.00000e+01
    50   4015.0000        6     4.00000e+02    -2.26967e+02    -3.29479e-08     3.02356e+02     1.90036e+02     4.00000e+01
    51   4197.5000        6     4.00000e+02    -2.52127e+02    -3.66002e-08     2.96255e+02     2.15394e+02     4.00000e+01
    52   4380.0000        6     4.00000e+02    -2.79758e+02    -4.06113e-08     2.89754e+02     2.43216e+02     4.00000e+01
    53   4562.5000        7     4.00000e+02    -3.09919e+02    -4.49897e-08     2.82863e+02     2.73562e+02     4.00000e+01
    54   4745.0000        6     4.00000e+02    -3.42674e+02    -4.97446e-08     2.75590e+02     3.06498e+02     4.00000e+01
    55   4927.5000        6     4.00000e+02    -3.78187e+02    -5.48998e-08     2.67907e+02     3.42197e+02     4.00000e+01
    56   5110.0000        7     4.00000e+02    -4.16634e+02    -6.04810e-08     2.59788e+02     3.80837e+02     4.00000e+01
    57   5292.5000        7     4.00000e+02    -4.58253e+02    -6.65227e-08     2.51193e+02     4.22659e+02     4.00000e+01
    58   5475.0000        6     4.00000e+02    -5.03410e+02    -7.30780e-08     2.42052e+02     4.68037e+02     4.00000e+01
    59   5657.5000        7     4.00000e+02    -5.52585e+02    -8.02165e-08     2.32274e+02     5.17460e+02     4.00000e+01
    60   5840.0000        7     4.00000e+02    -6.06394e+02    -8.80277e-08     2.21746e+02     5.71547e+02     4.00000e+01
    61   6022.5000        7     4.00000e+02    -6.65493e+02    -9.66069e-08     2.10354e+02     6.30958e+02     4.00000e+01
    62   6205.0000        5     4.00000e+02    -7.23757e+02    -1.05065e-07     2.00000e+02     6.89548e+02     3.95460e+01
    63   6570.0000        6     4.00000e+02    -7.67936e+02    -1.11478e-07     2.00000e+02     7.36302e+02     3.44481e+01
    64   6935.0000        4     4.00000e+02    -8.06834e+02    -1.17125e-07     2.00000e+02     7.79076e+02     3.02256e+01
    65   7300.0000        3     4.00000e+02    -8.42448e+02    -1.22295e-07     2.00000e+02     8.18029e+02     2.66356e+01
    66   7665.0000        3     4.00000e+02    -8.75175e+02    -1.27046e-07     2.00000e+02     8.53620e+02     2.35635e+01
    67   8030.0000        3     4.00000e+02    -9.05212e+02    -1.31406e-07     2.00000e+02     8.86107e+02     2.09371e+01
    68   8395.0000        2     4.00000e+02    -9.32724e+02    -1.35400e-07     2.00000e+02     9.15709e+02     1.86958e+01
    69   8760.0000        2     4.00000e+02    -9.57905e+02    -1.39055e-07     2.00000e+02     9.42679e+02     1.67804e+01
    70   9125.0000        2     4.00000e+02    -9.80979e+02    -1.42405e-07     2.00000e+02     9.67289e+02     1.51361e+01
    71   9490.0000        2     4.00000e+02    -1.00217e+03    -1.45480e-07     2.00000e+02     9.89806e+02     1.37158e+01
    72   9855.0000        2     4.00000e+02    -1.02167e+03    -1.48312e-07     2.00000e+02     1.01047e+03     1.24811e+01
    73  10220.0000        2     4.00000e+02    -1.03968e+03    -1.50926e-07     2.00000e+02     1.02949e+03     1.14012e+01
    74  10585.0000        2     4.00000e+02    -1.05634e+03    -1.53344e-07     2.00000e+02     1.04704e+03     1.04514e+01
    75  10950.0000        2     4.00000e+02    -1.07179e+03    -1.55588e-07     2.00000e+02     1.06329e+03     9.61171e+00
