    TS         Day   Newton          W1:BHP             W1:WAT             W1:OIL          W2:BHP             W2:WAT             W2:OIL
     1      0.0010        2     4.00000e+02    -6.96912e+02    -1.01168e-07     2.44253e+02     2.76624e-07     4.00000e+01
     2      0.0030        2     4.00000e+02    -5.59718e+02    -8.12519e-08     2.42822e+02     5.44283e-07     4.00000e+01
     3      0.0070        2     4.00000e+02    -4.78085e+02    -6.94016e-08     2.41640e+02     7.65609e-07     4.00000e+01
     4      0.0150        2     4.00000e+02    -4.71793e+02    -6.84882e-08     2.40662e+02     9.48448e-07     4.00000e+01
     5      0.0310        2     4.00000e+02    -5.50083e+02    -7.98533e-08     2.39768e+02     1.11553e-06     4.00000e+01
     6      0.0630        3     4.00000e+02    -6.67249e+02    -9.68618e-08     2.38889e+02     1.27962e-06     4.00000e+01
     7      0.1270        3     4.00000e+02    -7.63463e+02    -1.10829e-07     2.38003e+02     1.44466e-06     4.00000e+01
     8      0.2550        3     4.00000e+02    -8.21873e+02    -1.19308e-07     2.37106e+02     1.61103e-06     4.00000e+01
     9      0.5110        4     4.00000e+02    -8.44690e+02    -1.22620e-07     2.36189e+02     1.77959e-06     4.00000e+01
    10      1.0230        4     4.00000e+02    -8.35639e+02    -1.21306e-07     2.35208e+02     1.95700e-06     4.00000e+01
    11      2.0470        5     4.00000e+02    -7.98561e+02    -1.15924e-07     2.34098e+02     2.15257e-06     4.00000e+01
    12      4.0950        6     4.00000e+02    -7.38027e+02    -1.07136e-07     2.32957e+02     2.34271e-06     4.00000e+01
    13      8.1910        9     4.00000e+02    -6.58880e+02    -9.56470e-08     2.32982e+02     2.29431e-06     4.00000e+01
    14     16.3830       10     4.00000e+02    -5.57188e+02    -8.08847e-08     2.38899e+02     1.11062e-06     4.00000e+01
    15     24.5750        6     4.00000e+02    -4.82218e+02    -7.00016e-08     2.48184e+02     0.00000e+00     4.00000e+01
    16     40.9590       10     4.00000e+02    -3.80979e+02    -5.53052e-08     2.69611e+02     0.00000e+00     4.00000e+01
    17     57.3430        6     4.00000e+02    -3.05722e+02    -4.43804e-08     2.89364e+02     0.00000e+00     4.00000e+01
    18     90.1110       10     4.00000e+02    -2.10568e+02    -3.05673e-08     3.17461e+02     0.00000e+00     4.00000e+01
    19    155.6470       10     4.00000e+02    -1.18919e+02    -1.72629e-08     3.44821e+02     0.00000e+00     4.00000e+01
    20    221.1830        5     4.00000e+02    -7.56352e+01    -1.09797e-08     3.57548e+02     0.00000e+00     4.00000e+01
    21    352.2550        9     4.00000e+02    -5.01706e+01    -7.28306e-09     3.65165e+02     0.00000e+00     4.00000e+01
    22    365.0000        1     4.00000e+02    -4.81169e+01    -6.98494e-09     3.65770e+02     0.00000e+00     4.00000e+01
    23    496.0720        7     4.00000e+02    -4.22605e+01    -6.13478e-09     3.67764e+02     0.00000e+00     4.00000e+01
    24    613.0360        6     4.00000e+02    -4.06775e+01    -5.90499e-09     3.68526e+02     0.00000e+00     4.00000e+01
    25    730.0000        6     4.00000e+02    -4.02040e+01    -5.83625e-09     3.68984e+02     0.00000e+00     4.00000e+01
    26    846.9640        6     4.00000e+02    -4.00598e+01    -5.81532e-09     3.69352e+02     0.00000e+00     4.00000e+01
    27    963.9280        7     4.00000e+02    -4.00117e+01    -5.80834e-09     3.69692e+02     0.00000e+00     4.00000e+01
    28   1029.4640        4     4.00000e+02    -4.00090e+01    -5.80795e-09     3.69893e+02     0.00000e+00     4.00000e+01
    29   1095.0000        5     4.00000e+02    -4.00027e+01    -5.80703e-09     3.70089e+02     0.00000e+00     4.00000e+01
    30   1160.5360        8     4.00000e+02    -4.00087e+01    -5.80790e-09     3.70104e+02     2.95873e-02     4.00000e+01
    31   1291.6080        9     4.00000e+02    -4.13364e+01    -6.00063e-09     3.68584e+02     1.88522e+00     4.00000e+01
    32   1460.0000        8     4.00000e+02    -4.54700e+01    -6.60070e-09     3.66077e+02     6.63865e+00     4.00000e+01
    33   1628.3920        6     4.00000e+02    -5.10669e+01    -7.41317e-09     3.63478e+02     1.25241e+01     4.00000e+01
    34   1825.0000        7     4.00000e+02    -5.86188e+01    -8.50946e-09     3.60471e+02     2.02067e+01     4.00000e+01
    35   2007.5000        6     4.00000e+02    -6.65169e+01    -9.65599e-09     3.57635e+02     2.82031e+01     4.00000e+01
    36   2190.0000        6     4.00000e+02    -7.51664e+01    -1.09116e-08     3.54765e+02     3.69239e+01     4.00000e+01
    37   2372.5000        6     4.00000e+02    -8.44927e+01    -1.22655e-08     3.51886e+02     4.63025e+01     4.00000e+01
    38   2555.0000        6     4.00000e+02    -9.46149e+01    -1.37349e-08     3.48934e+02     5.64953e+01     4.00000e+01
    39   2737.5000        6     4.00000e+02    -1.05888e+02    -1.53714e-08     3.45769e+02     6.78943e+01     4.00000e+01
    40   2920.0000        6     4.00000e+02    -1.18666e+02    -1.72262e-08     3.42295e+02     8.08430e+01     4.00000e+01
    41   3102.5000        6     4.00000e+02    -1.33028e+02    -1.93112e-08     3.38536e+02     9.53727e+01     4.00000e+01
    42   3285.0000        6     4.00000e+02    -1.48916e+02    -2.16175e-08     3.34547e+02     1.11405e+02     4.00000e+01
    43   3467.5000        6     4.00000e+02    -1.66383e+02    -2.41531e-08     3.30328e+02     1.29014e+02     4.00000e+01
    44   3650.0000        6     4.00000e+02    -1.85550e+02    -2.69355e-08     3.25862e+02     1.48328e+02     4.00000e+01
    45   3832.5000        6     4.00000e+02    -2.06534e+02    -2.99816e-08     3.21136e+02     1.69464e+02     4.00000e+01
    46   4015.0000        6     4.00000e+02    -2.29552e+02    -3.33231e-08     3.16107e+02     1.92651e+02     4.00000e+01
    47   4197.5000        6     4.00000e+02    -2.54799e+02    -3.69881e-08     3.10745e+02     2.18078e+02     4.00000e+01
    48   4380.0000        6     4.00000e+02    -2.82357e+02    -4.09886e-08     3.05056e+02     2.45814e+02     4.00000e+01
    49   4562.5000        7     4.00000e+02    -3.12250e+02    -4.53280e-08     2.99056e+02     2.75877e+02     4.00000e+01
    50   4745.0000        7     4.00000e+02    -3.44555e+02    -5.00176e-08     2.92741e+02     3.08350e+02     4.00000e+01
    51   4927.5000        7     4.00000e+02    -3.79376e+02    -5.50725e-08     2.86100e+02     3.43340e+02     4.00000e+01
    52   5110.0000        7     4.00000e+02    -4.16830e+02    -6.05096e-08     2.79118e+02     3.80965e+02     4.00000e+01
    53   5292.5000        6     4.00000e+02    -4.57173e+02    -6.63660e-08     2.71750e+02     4.21492e+02     4.00000e+01
    54   5475.0000        7     4.00000e+02    -5.00837e+02    -7.27045e-08     2.63912e+02     4.65367e+02     4.00000e+01
    55   5657.5000        6     4.00000e+02    -5.48389e+02    -7.96074e-08     2.55499e+02     5.13165e+02     4.00000e+01
    56   5840.0000        7     4.00000e+02    -6.00507e+02    -8.71732e-08     2.46396e+02     5.65567e+02     4.00000e+01
    57   6022.5000        8     4.00000e+02    -6.57863e+02    -9.54993e-08     2.36498e+02     6.23240e+02     4.00000e+01
    58   6205.0000        7     4.00000e+02    -7.21077e+02    -1.04676e-07     2.25718e+02     6.86800e+02     4.00000e+01
    59   6570.0000        8     4.00000e+02    -8.68516e+02    -1.26079e-07     2.00949e+02     8.34997e+02     4.00000e+01
    60   6935.0000        5     4.00000e+02    -9.20245e+02    -1.33588e-07     2.00000e+02     8.88784e+02     3.45420e+01
    61   7300.0000        3     4.00000e+02    -9.61583e+02    -1.39589e-07     2.00000e+02     9.34252e+02     2.99098e+01
    62   7665.0000        3     4.00000e+02    -9.98717e+02    -1.44980e-07     2.00000e+02     9.74967e+02     2.60501e+01
    63   8030.0000        3     4.00000e+02    -1.03217e+03    -1.49835e-07     2.00000e+02     1.01141e+03     2.28289e+01
    64   8395.0000        3     4.00000e+02    -1.06229e+03    -1.54208e-07     2.00000e+02     1.04404e+03     2.01389e+01
    65   8760.0000        2     4.00000e+02    -1.08946e+03    -1.58152e-07     2.00000e+02     1.07330e+03     1.78832e+01
    66   9125.0000        2     4.00000e+02    -1.11402e+03    -1.61717e-07     2.00000e+02     1.09964e+03     1.59789e+01
    67   9490.0000        2     4.00000e+02    -1.13630e+03    -1.64951e-07     2.00000e+02     1.12343e+03     1.43585e+01
    68   9855.0000        2     4.00000e+02    -1.15658e+03    -1.67896e-07     2.00000e+02     1.14502e+03     1.29687e+01
    69  10220.0000        2     4.00000e+02    -1.17511e+03    -1.70586e-07     2.00000e+02     1.16468e+03     1.17678e+01
    70  10585.0000        2     4.00000e+02    -1.19210e+03    -1.73052e-07     2.00000e+02     1.18265e+03     1.07230e+01
    71  10950.0000        2     4.00000e+02    -1.20772e+03    -1.75320e-07     2.00000e+02     1.19913e+03     9.80840e+00
