    TS         Day   Newton          W1:BHP             W1:WAT             W1:OIL          W2:BHP             W2:WAT             W2:OIL
     1      0.0010        2     4.00000e+02    -7.42073e+02    -1.07724e-07     2.43139e+02     3.10614e-07     4.00000e+01
     2      0.0030        2     4.00000e+02    -5.84152e+02    -8.47990e-08     2.41469e+02     6.23076e-07     4.00000e+01
     3      0.0070        2     4.00000e+02    -5.12409e+02    -7.43843e-08     2.40051e+02     8.88381e-07     4.00000e+01
     4      0.0150        2     4.00000e+02    -5.39957e+02    -7.83834e-08     2.38906e+02     1.10261e-06     4.00000e+01
     5      0.0310        2     4.00000e+02    -6.51980e+02    -9.46453e-08     2.37932e+02     1.28464e-06     4.00000e+01
     6      0.0630        3     4.00000e+02    -7.76183e+02    -1.12675e-07     2.37043e+02     1.45047e-06     4.00000e+01
     7      0.1270        3     4.00000e+02    -8.65603e+02    -1.25656e-07     2.36187e+02     1.60974e-06     4.00000e+01
     8      0.2550        4     4.00000e+02    -9.14955e+02    -1.32820e-07     2.35333e+02     1.76750e-06     4.00000e+01
     9      0.5110        4     4.00000e+02    -9.28927e+02    -1.34849e-07     2.34454e+02     1.92819e-06     4.00000e+01
    10      1.0230        4     4.00000e+02    -9.08251e+02    -1.31847e-07     2.33491e+02     2.10045e-06     4.00000e+01
    11      2.0470        5     4.00000e+02    -8.52505e+02    -1.23755e-07     2.32379e+02     2.29318e-06     4.00000e+01
    12      4.0950        6     4.00000e+02    -7.72373e+02    -1.12122e-07     2.31212e+02     2.48184e-06     4.00000e+01
    13      8.1910        8     4.00000e+02    -6.78126e+02    -9.84407e-08     2.31186e+02     2.43174e-06     4.00000e+01
    14     16.3830       10     4.00000e+02    -5.62352e+02    -8.16344e-08     2.37075e+02     1.23448e-06     4.00000e+01
    15     24.5750        6     4.00000e+02    -4.79430e+02    -6.95969e-08     2.46376e+02     0.00000e+00     4.00000e+01
    16     32.7670        5     4.00000e+02    -4.16160e+02    -6.04122e-08     2.57195e+02     0.00000e+00     4.00000e+01
    17     49.1510        9     4.00000e+02    -3.29428e+02    -4.78216e-08     2.78337e+02     0.00000e+00     4.00000e+01
    18     65.5350        5     4.00000e+02    -2.64837e+02    -3.84453e-08     2.96603e+02     0.00000e+00     4.00000e+01
    19     98.3030        9     4.00000e+02    -1.83497e+02    -2.66376e-08     3.21574e+02     0.00000e+00     4.00000e+01
    20    163.8390       10     4.00000e+02    -1.06177e+02    -1.54132e-08     3.45480e+02     0.00000e+00     4.00000e+01
    21    294.9110       10     4.00000e+02    -5.92493e+01    -8.60097e-09     3.59909e+02     0.00000e+00     4.00000e+01
    22    365.0000        3     4.00000e+02    -4.81780e+01    -6.99381e-09     3.63362e+02     0.00000e+00     4.00000e+01
    23    496.0720        8     4.00000e+02    -4.22804e+01    -6.13767e-09     3.65450e+02     0.00000e+00     4.00000e+01
    24    613.0360        5     4.00000e+02    -4.06767e+01    -5.90487e-09     3.66251e+02     0.00000e+00     4.00000e+01
    25    730.0000        7     4.00000e+02    -4.01915e+01    -5.83444e-09     3.66729e+02     0.00000e+00     4.00000e+01
    26    846.9640        7     4.00000e+02    -4.00421e+01    -5.81275e-09     3.67111e+02     0.00000e+00     4.00000e+01
    27    963.9280        8     4.00000e+02    -3.99918e+01    -5.80545e-09     3.67462e+02     0.00000e+00     4.00000e+01
    28   1029.4640        4     4.00000e+02    -3.99895e+01    -5.80511e-09     3.67669e+02     0.00000e+00     4.00000e+01
    29   1095.0000        6     4.00000e+02    -3.99838e+01    -5.80428e-09     3.67872e+02     0.00000e+00     4.00000e+01
    30   1160.5360        9     4.00000e+02    -3.99770e+01    -5.80330e-09     3.68012e+02     1.92248e-03     4.00000e+01
    31   1226.0720        6     4.00000e+02    -4.01339e+01    -5.82608e-09     3.67585e+02     3.00871e-01     4.00000e+01
    32   1291.6080        6     4.00000e+02    -4.07437e+01    -5.91459e-09     3.66817e+02     1.25435e+00     4.00000e+01
    33   1422.6800        8     4.00000e+02    -4.35705e+01    -6.32496e-09     3.64636e+02     4.64010e+00     4.00000e+01
    34   1460.0000        2     4.00000e+02    -4.46767e+01    -6.48554e-09     3.63900e+02     6.05268e+00     4.00000e+01
    35   1591.0720        7     4.00000e+02    -4.90631e+01    -7.12228e-09     3.61649e+02     1.05624e+01     4.00000e+01
    36   1708.0360        5     4.00000e+02    -5.31051e+01    -7.70904e-09     3.59886e+02     1.45803e+01     4.00000e+01
    37   1825.0000        5     4.00000e+02    -5.73718e+01    -8.32843e-09     3.58147e+02     1.88759e+01     4.00000e+01
    38   1941.9640        5     4.00000e+02    -6.21531e+01    -9.02252e-09     3.56256e+02     2.37827e+01     4.00000e+01
    39   2058.9280        5     4.00000e+02    -6.74721e+01    -9.79465e-09     3.54239e+02     2.92232e+01     4.00000e+01
    40   2190.0000        5     4.00000e+02    -7.37979e+01    -1.07129e-08     3.51981e+02     3.55962e+01     4.00000e+01
    41   2321.0720        5     4.00000e+02    -8.03667e+01    -1.16665e-08     3.49783e+02     4.21718e+01     4.00000e+01
    42   2438.0360        4     4.00000e+02    -8.64791e+01    -1.25538e-08     3.47836e+02     4.83019e+01     4.00000e+01
    43   2555.0000        5     4.00000e+02    -9.29296e+01    -1.34902e-08     3.45847e+02     5.48004e+01     4.00000e+01
    44   2671.9640        5     4.00000e+02    -9.98310e+01    -1.44921e-08     3.43773e+02     6.17772e+01     4.00000e+01
    45   2905.8920       10     4.00000e+02    -1.15118e+02    -1.67113e-08     3.39323e+02     7.72151e+01     4.00000e+01
    46   2920.0000        2     4.00000e+02    -1.16109e+02    -1.68550e-08     3.39041e+02     7.82441e+01     4.00000e+01
    47   3102.5000        6     4.00000e+02    -1.29859e+02    -1.88511e-08     3.35230e+02     9.21340e+01     4.00000e+01
    48   3285.0000        6     4.00000e+02    -1.45131e+02    -2.10680e-08     3.31161e+02     1.07551e+02     4.00000e+01
    49   3467.5000        6     4.00000e+02    -1.62088e+02    -2.35297e-08     3.26806e+02     1.24666e+02     4.00000e+01
    50   3650.0000        6     4.00000e+02    -1.80889e+02    -2.62589e-08     3.22144e+02     1.43632e+02     4.00000e+01
    51   3832.5000        6     4.00000e+02    -2.01657e+02    -2.92737e-08     3.17169e+02     1.64568e+02     4.00000e+01
    52   4015.0000        6     4.00000e+02    -2.24478e+02    -3.25866e-08     3.11884e+02     1.87556e+02     4.00000e+01
    53   4197.5000        6     4.00000e+02    -2.49410e+02    -3.62058e-08     3.06299e+02     2.12650e+02     4.00000e+01
    54   4380.0000        6     4.00000e+02    -2.76578e+02    -4.01498e-08     3.00399e+02     2.39985e+02     4.00000e+01
    55   4562.5000        7     4.00000e+02    -3.06099e+02    -4.44352e-08     2.94173e+02     2.69674e+02     4.00000e+01
    56   4745.0000        6     4.00000e+02    -3.38100e+02    -4.90806e-08     2.87607e+02     3.01845e+02     4.00000e+01
    57   4927.5000        6     4.00000e+02    -3.72812e+02    -5.41196e-08     2.80657e+02     3.36740e+02     4.00000e+01
    58   5110.0000        6     4.00000e+02    -4.10558e+02    -5.95990e-08     2.73262e+02     3.74688e+02     4.00000e+01
    59   5292.5000        6     4.00000e+02    -4.51736e+02    -6.55767e-08     2.65350e+02     4.16091e+02     4.00000e+01
    60   5475.0000        7     4.00000e+02    -4.96735e+02    -7.21090e-08     2.56858e+02     4.61333e+02     4.00000e+01
    61   5657.5000        5     4.00000e+02    -5.46004e+02    -7.92611e-08     2.47717e+02     5.10867e+02     4.00000e+01
    62   5840.0000        6     4.00000e+02    -6.00247e+02    -8.71355e-08     2.37801e+02     5.65414e+02     4.00000e+01
    63   6022.5000        7     4.00000e+02    -6.60121e+02    -9.58271e-08     2.27013e+02     6.25622e+02     4.00000e+01
    64   6205.0000        5     4.00000e+02    -7.26096e+02    -1.05404e-07     2.15298e+02     6.91945e+02     4.00000e+01
    65   6570.0000        6     4.00000e+02    -8.32613e+02    -1.20867e-07     2.00000e+02     7.99822e+02     3.77302e+01
    66   6935.0000        4     4.00000e+02    -8.77807e+02    -1.27428e-07     2.00000e+02     8.47938e+02     3.26409e+01
    67   7300.0000        3     4.00000e+02    -9.17622e+02    -1.33207e-07     2.00000e+02     8.91625e+02     2.84349e+01
    68   7665.0000        2     4.00000e+02    -9.53731e+02    -1.38449e-07     2.00000e+02     9.31028e+02     2.48917e+01
    69   8030.0000        3     4.00000e+02    -9.86491e+02    -1.43205e-07     2.00000e+02     9.66566e+02     2.19071e+01
    70   8395.0000        3     4.00000e+02    -1.01619e+03    -1.47515e-07     2.00000e+02     9.98600e+02     1.93948e+01
    71   8760.0000        3     4.00000e+02    -1.04311e+03    -1.51424e-07     2.00000e+02     1.02750e+03     1.72739e+01
    72   9125.0000        2     4.00000e+02    -1.06758e+03    -1.54976e-07     2.00000e+02     1.05365e+03     1.54730e+01
    73   9490.0000        3     4.00000e+02    -1.08987e+03    -1.58212e-07     2.00000e+02     1.07738e+03     1.39334e+01
    74   9855.0000        2     4.00000e+02    -1.11024e+03    -1.61169e-07     2.00000e+02     1.09900e+03     1.26075e+01
    75  10220.0000        2     4.00000e+02    -1.12892e+03    -1.63880e-07     2.00000e+02     1.11875e+03     1.14580e+01
    76  10585.0000        2     4.00000e+02    -1.14609e+03    -1.66373e-07     2.00000e+02     1.13686e+03     1.04551e+01
    77  10950.0000        2     4.00000e+02    -1.16192e+03    -1.68671e-07     2.00000e+02     1.15352e+03     9.57511e+00
