    TS         Day   Newton          W1:BHP             W1:WAT             W1:OIL          W2:BHP             W2:WAT             W2:OIL
     1      0.0010        2     4.00000e+02    -5.69458e+02    -8.26659e-08     2.43414e+02     3.02477e-07     4.00000e+01
     2      0.0030        2     4.00000e+02    -4.67441e+02    -6.78566e-08     2.41835e+02     5.97946e-07     4.00000e+01
     3      0.0070        2     4.00000e+02    -3.91049e+02    -5.67670e-08     2.40529e+02     8.42267e-07     4.00000e+01
     4      0.0150        2     4.00000e+02    -3.60904e+02    -5.23910e-08     2.39467e+02     1.04096e-06     4.00000e+01
     5      0.0310        2     4.00000e+02    -3.94359e+02    -5.72475e-08     2.38514e+02     1.21904e-06     4.00000e+01
     6      0.0630        3     4.00000e+02    -4.88896e+02    -7.09711e-08     2.37598e+02     1.39001e-06     4.00000e+01
     7      0.1270        3     4.00000e+02    -6.07926e+02    -8.82501e-08     2.36703e+02     1.55660e-06     4.00000e+01
     8      0.2550        3     4.00000e+02    -7.11118e+02    -1.03230e-07     2.35819e+02     1.72023e-06     4.00000e+01
     9      0.5110        4     4.00000e+02    -7.76173e+02    -1.12674e-07     2.34918e+02     1.88506e-06     4.00000e+01
    10      1.0230        4     4.00000e+02    -7.95781e+02    -1.15520e-07     2.33945e+02     2.05978e-06     4.00000e+01
    11      2.0470        5     4.00000e+02    -7.72764e+02    -1.12179e-07     2.32828e+02     2.25433e-06     4.00000e+01
    12      4.0950        6     4.00000e+02    -7.15577e+02    -1.03877e-07     2.31634e+02     2.44983e-06     4.00000e+01
    13      8.1910        8     4.00000e+02    -6.39304e+02    -9.28051e-08     2.31409e+02     2.44018e-06     4.00000e+01
    14     16.3830       10     4.00000e+02    -5.43239e+02    -7.88598e-08     2.36530e+02     1.39254e-06     4.00000e+01
    15     24.5750        6     4.00000e+02    -4.72075e+02    -6.85292e-08     2.44985e+02     0.00000e+00     4.00000e+01
    16     40.9590       10     4.00000e+02    -3.75395e+02    -5.44946e-08     2.65253e+02     0.00000e+00     4.00000e+01
    17     57.3430        6     4.00000e+02    -3.03502e+02    -4.40582e-08     2.84369e+02     0.00000e+00     4.00000e+01
    18     90.1110        9     4.00000e+02    -2.11902e+02    -3.07609e-08     3.12316e+02     0.00000e+00     4.00000e+01
    19    155.6470       10     4.00000e+02    -1.21865e+02    -1.76906e-08     3.40483e+02     0.00000e+00     4.00000e+01
    20    221.1830        5     4.00000e+02    -7.81276e+01    -1.13415e-08     3.54015e+02     0.00000e+00     4.00000e+01
    21    352.2550       10     4.00000e+02    -5.13266e+01    -7.45087e-09     3.62437e+02     0.00000e+00     4.00000e+01
    22    365.0000        1     4.00000e+02    -4.91389e+01    -7.13329e-09     3.63111e+02     0.00000e+00     4.00000e+01
    23    496.0720        7     4.00000e+02    -4.26348e+01    -6.18912e-09     3.65387e+02     0.00000e+00     4.00000e+01
    24    613.0360        6     4.00000e+02    -4.08028e+01    -5.92318e-09     3.66246e+02     0.00000e+00     4.00000e+01
    25    730.0000        6     4.00000e+02    -4.02325e+01    -5.84039e-09     3.66739e+02     0.00000e+00     4.00000e+01
    26    846.9640        7     4.00000e+02    -4.00547e+01    -5.81458e-09     3.67121e+02     0.00000e+00     4.00000e+01
    27    963.9280        8     4.00000e+02    -3.99972e+01    -5.80624e-09     3.67470e+02     0.00000e+00     4.00000e+01
    28   1029.4640        4     4.00000e+02    -3.99954e+01    -5.80596e-09     3.67678e+02     0.00000e+00     4.00000e+01
    29   1095.0000        8     4.00000e+02    -3.99916e+01    -5.80542e-09     3.67869e+02     5.83631e-05     4.00000e+01
    30   1226.0720       10     4.00000e+02    -4.07420e+01    -5.91436e-09     3.66667e+02     1.10725e+00     4.00000e+01
    31   1343.0360        5     4.00000e+02    -4.28773e+01    -6.22433e-09     3.64964e+02     3.85236e+00     4.00000e+01
    32   1460.0000        5     4.00000e+02    -4.60500e+01    -6.68489e-09     3.63111e+02     7.39373e+00     4.00000e+01
    33   1576.9640        5     4.00000e+02    -4.98147e+01    -7.23140e-09     3.61261e+02     1.13323e+01     4.00000e+01
    34   1693.9280        5     4.00000e+02    -5.40093e+01    -7.84031e-09     3.59397e+02     1.56353e+01     4.00000e+01
    35   1825.0000        6     4.00000e+02    -5.90862e+01    -8.57730e-09     3.57305e+02     2.07826e+01     4.00000e+01
    36   1956.0720        5     4.00000e+02    -6.45180e+01    -9.36581e-09     3.55217e+02     2.62674e+01     4.00000e+01
    37   2073.0360        5     4.00000e+02    -6.96942e+01    -1.01172e-08     3.53331e+02     3.14978e+01     4.00000e+01
    38   2190.0000        5     4.00000e+02    -7.52186e+01    -1.09192e-08     3.51388e+02     3.70879e+01     4.00000e+01
    39   2306.9640        4     4.00000e+02    -8.11374e+01    -1.17784e-08     3.49373e+02     4.30837e+01     4.00000e+01
    40   2423.9280        5     4.00000e+02    -8.74727e+01    -1.26981e-08     3.47288e+02     4.94978e+01     4.00000e+01
    41   2555.0000        5     4.00000e+02    -9.50746e+01    -1.38016e-08     3.44866e+02     5.71841e+01     4.00000e+01
    42   2686.0720        5     4.00000e+02    -1.03212e+02    -1.49829e-08     3.42367e+02     6.54023e+01     4.00000e+01
    43   2920.0000       10     4.00000e+02    -1.19067e+02    -1.72845e-08     3.37699e+02     8.13905e+01     4.00000e+01
    44   3102.5000        5     4.00000e+02    -1.33023e+02    -1.93103e-08     3.33771e+02     9.55091e+01     4.00000e+01
    45   3285.0000        6     4.00000e+02    -1.48415e+02    -2.15448e-08     3.29609e+02     1.11051e+02     4.00000e+01
    46   3467.5000        6     4.00000e+02    -1.65300e+02    -2.39959e-08     3.25213e+02     1.28083e+02     4.00000e+01
    47   3650.0000        6     4.00000e+02    -1.83789e+02    -2.66798e-08     3.20564e+02     1.46725e+02     4.00000e+01
    48   3832.5000        6     4.00000e+02    -2.04051e+02    -2.96213e-08     3.15623e+02     1.67155e+02     4.00000e+01
    49   4015.0000        5     4.00000e+02    -2.26244e+02    -3.28430e-08     3.10367e+02     1.89524e+02     4.00000e+01
    50   4197.5000        5     4.00000e+02    -2.50492e+02    -3.63629e-08     3.04783e+02     2.13953e+02     4.00000e+01
    51   4380.0000        6     4.00000e+02    -2.76922e+02    -4.01997e-08     2.98856e+02     2.40569e+02     4.00000e+01
    52   4562.5000        6     4.00000e+02    -3.05697e+02    -4.43769e-08     2.92561e+02     2.69538e+02     4.00000e+01
    53   4745.0000        7     4.00000e+02    -3.36948e+02    -4.89133e-08     2.85886e+02     3.00985e+02     4.00000e+01
    54   4927.5000        7     4.00000e+02    -3.70803e+02    -5.38279e-08     2.78817e+02     3.35040e+02     4.00000e+01
    55   5110.0000        8     4.00000e+02    -4.07446e+02    -5.91473e-08     2.71325e+02     3.71891e+02     4.00000e+01
    56   5292.5000        6     4.00000e+02    -4.47160e+02    -6.49124e-08     2.63357e+02     4.11829e+02     4.00000e+01
    57   5475.0000        7     4.00000e+02    -4.90254e+02    -7.11682e-08     2.54860e+02     4.55164e+02     4.00000e+01
    58   5657.5000        6     4.00000e+02    -5.37024e+02    -7.79577e-08     2.45788e+02     5.02189e+02     4.00000e+01
    59   5840.0000        6     4.00000e+02    -5.87976e+02    -8.53541e-08     2.36047e+02     5.53425e+02     4.00000e+01
    60   6022.5000        7     4.00000e+02    -6.43796e+02    -9.34573e-08     2.25509e+02     6.09572e+02     4.00000e+01
    61   6205.0000        6     4.00000e+02    -7.04987e+02    -1.02340e-07     2.14101e+02     6.71112e+02     4.00000e+01
    62   6570.0000        9     4.00000e+02    -7.99879e+02    -1.16115e-07     2.00000e+02     7.67214e+02     3.76587e+01
    63   6935.0000        4     4.00000e+02    -8.40033e+02    -1.21944e-07     2.00000e+02     8.10042e+02     3.27605e+01
    64   7300.0000        3     4.00000e+02    -8.75162e+02    -1.27044e-07     2.00000e+02     8.48880e+02     2.87140e+01
    65   7665.0000        3     4.00000e+02    -9.06961e+02    -1.31660e-07     2.00000e+02     8.83855e+02     2.52901e+01
    66   8030.0000        3     4.00000e+02    -9.35844e+02    -1.35853e-07     2.00000e+02     9.15444e+02     2.23802e+01
    67   8395.0000        2     4.00000e+02    -9.62088e+02    -1.39662e-07     2.00000e+02     9.43989e+02     1.99071e+01
    68   8760.0000        2     4.00000e+02    -9.85942e+02    -1.43125e-07     2.00000e+02     9.69804e+02     1.78026e+01
    69   9125.0000        3     4.00000e+02    -1.00766e+03    -1.46277e-07     2.00000e+02     9.93194e+02     1.60048e+01
    70   9490.0000        2     4.00000e+02    -1.02747e+03    -1.49153e-07     2.00000e+02     1.01445e+03     1.44603e+01
    71   9855.0000        2     4.00000e+02    -1.04560e+03    -1.51785e-07     2.00000e+02     1.03383e+03     1.31250e+01
    72  10220.0000        2     4.00000e+02    -1.06224e+03    -1.54201e-07     2.00000e+02     1.05156e+03     1.19630e+01
    73  10585.0000        2     4.00000e+02    -1.07755e+03    -1.56424e-07     2.00000e+02     1.06783e+03     1.09459e+01
    74  10950.0000        2     4.00000e+02    -1.09169e+03    -1.58476e-07     2.00000e+02     1.08281e+03     1.00504e+01
