    TS         Day   Newton          W1:BHP             W1:WAT             W1:OIL          W2:BHP             W2:WAT             W2:OIL
     1      0.0010        2     4.00000e+02    -6.43358e+02    -9.33936e-08     2.43125e+02     2.96101e-07     4.00000e+01
     2      0.0030        2     4.00000e+02    -5.12879e+02    -7.44526e-08     2.41533e+02     5.94162e-07     4.00000e+01
     3      0.0070        2     4.00000e+02    -4.65041e+02    -6.75082e-08     2.40195e+02     8.44510e-07     4.00000e+01
     4      0.0150        2     4.00000e+02    -5.14216e+02    -7.46466e-08     2.39120e+02     1.04543e-06     4.00000e+01
     5      0.0310        2     4.00000e+02    -6.44145e+02    -9.35079e-08     2.38178e+02     1.22161e-06     4.00000e+01
     6      0.0630        3     4.00000e+02    -7.74105e+02    -1.12374e-07     2.37269e+02     1.39125e-06     4.00000e+01
     7      0.1270        3     4.00000e+02    -8.54278e+02    -1.24012e-07     2.36359e+02     1.56069e-06     4.00000e+01
     8      0.2550        4     4.00000e+02    -8.87219e+02    -1.28794e-07     2.35443e+02     1.73021e-06     4.00000e+01
     9      0.5110        4     4.00000e+02    -8.88744e+02    -1.29015e-07     2.34514e+02     1.90036e-06     4.00000e+01
    10      1.0230        4     4.00000e+02    -8.63405e+02    -1.25337e-07     2.33527e+02     2.07785e-06     4.00000e+01
    11      2.0470        5     4.00000e+02    -8.10923e+02    -1.17718e-07     2.32413e+02     2.27214e-06     4.00000e+01
    12      4.0950        6     4.00000e+02    -7.38744e+02    -1.07241e-07     2.31265e+02     2.45955e-06     4.00000e+01
    13      8.1910        8     4.00000e+02    -6.51169e+02    -9.45276e-08     2.31279e+02     2.40597e-06     4.00000e+01
    14     16.3830       10     4.00000e+02    -5.45716e+02    -7.92193e-08     2.37138e+02     1.22080e-06     4.00000e+01
    15     24.5750        6     4.00000e+02    -4.70175e+02    -6.82534e-08     2.46316e+02     0.00000e+00     4.00000e+01
    16     40.9590       10     4.00000e+02    -3.70999e+02    -5.38564e-08     2.67452e+02     0.00000e+00     4.00000e+01
    17     57.3430        6     4.00000e+02    -2.98524e+02    -4.33355e-08     2.86945e+02     0.00000e+00     4.00000e+01
    18     90.1110       10     4.00000e+02    -2.07125e+02    -3.00675e-08     3.14809e+02     0.00000e+00     4.00000e+01
    19    155.6470       10     4.00000e+02    -1.18290e+02    -1.71717e-08     3.42238e+02     0.00000e+00     4.00000e+01
    20    221.1830        5     4.00000e+02    -7.57969e+01    -1.10031e-08     3.55149e+02     0.00000e+00     4.00000e+01
    21    352.2550        9     4.00000e+02    -5.03730e+01    -7.31244e-09     3.62995e+02     0.00000e+00     4.00000e+01
    22    365.0000        1     4.00000e+02    -4.83117e+01    -7.01321e-09     3.63620e+02     0.00000e+00     4.00000e+01
    23    496.0720        7     4.00000e+02    -4.23431e+01    -6.14677e-09     3.65706e+02     0.00000e+00     4.00000e+01
    24    613.0360        6     4.00000e+02    -4.07074e+01    -5.90932e-09     3.66507e+02     0.00000e+00     4.00000e+01
    25    730.0000        6     4.00000e+02    -4.02097e+01    -5.83707e-09     3.66984e+02     0.00000e+00     4.00000e+01
    26    846.9640        7     4.00000e+02    -4.00575e+01    -5.81498e-09     3.67367e+02     0.00000e+00     4.00000e+01
    27    963.9280        8     4.00000e+02    -4.00053e+01    -5.80741e-09     3.67718e+02     0.00000e+00     4.00000e+01
    28   1029.4640        4     4.00000e+02    -4.00017e+01    -5.80689e-09     3.67924e+02     0.00000e+00     4.00000e+01
    29   1095.0000        7     4.00000e+02    -3.99947e+01    -5.80587e-09     3.68120e+02     0.00000e+00     4.00000e+01
    30   1160.5360        6     4.00000e+02    -4.00391e+01    -5.81232e-09     3.67930e+02     1.02688e-01     4.00000e+01
    31   1291.6080        9     4.00000e+02    -4.14833e+01    -6.02196e-09     3.66259e+02     2.08976e+00     4.00000e+01
    32   1460.0000        8     4.00000e+02    -4.55840e+01    -6.61724e-09     3.63607e+02     6.76605e+00     4.00000e+01
    33   1628.3920        6     4.00000e+02    -5.14081e+01    -7.46271e-09     3.60682e+02     1.29539e+01     4.00000e+01
    34   1825.0000        7     4.00000e+02    -5.93399e+01    -8.61413e-09     3.57301e+02     2.10377e+01     4.00000e+01
    35   2007.5000        6     4.00000e+02    -6.73518e+01    -9.77718e-09     3.54289e+02     2.90930e+01     4.00000e+01
    36   2190.0000        7     4.00000e+02    -7.60425e+01    -1.10388e-08     3.51265e+02     3.78420e+01     4.00000e+01
    37   2372.5000        6     4.00000e+02    -8.55438e+01    -1.24180e-08     3.48159e+02     4.74222e+01     4.00000e+01
    38   2555.0000        7     4.00000e+02    -9.59498e+01    -1.39286e-08     3.44930e+02     5.79170e+01     4.00000e+01
    39   2737.5000        6     4.00000e+02    -1.07373e+02    -1.55869e-08     3.41552e+02     6.94408e+01     4.00000e+01
    40   2920.0000        6     4.00000e+02    -1.19902e+02    -1.74057e-08     3.38016e+02     8.20770e+01     4.00000e+01
    41   3102.5000        6     4.00000e+02    -1.33727e+02    -1.94126e-08     3.34264e+02     9.60296e+01     4.00000e+01
    42   3285.0000        6     4.00000e+02    -1.49059e+02    -2.16383e-08     3.30246e+02     1.11511e+02     4.00000e+01
    43   3467.5000        6     4.00000e+02    -1.66079e+02    -2.41090e-08     3.25930e+02     1.28692e+02     4.00000e+01
    44   3650.0000        5     4.00000e+02    -1.84925e+02    -2.68449e-08     3.21304e+02     1.47706e+02     4.00000e+01
    45   3832.5000        6     4.00000e+02    -2.05654e+02    -2.98539e-08     3.16383e+02     1.68597e+02     4.00000e+01
    46   4015.0000        6     4.00000e+02    -2.28324e+02    -3.31448e-08     3.11174e+02     1.91426e+02     4.00000e+01
    47   4197.5000        6     4.00000e+02    -2.53080e+02    -3.67386e-08     3.05651e+02     2.16348e+02     4.00000e+01
    48   4380.0000        7     4.00000e+02    -2.80192e+02    -4.06743e-08     2.99758e+02     2.43644e+02     4.00000e+01
    49   4562.5000        6     4.00000e+02    -3.09946e+02    -4.49936e-08     2.93440e+02     2.73601e+02     4.00000e+01
    50   4745.0000        6     4.00000e+02    -3.42530e+02    -4.97237e-08     2.86679e+02     3.06395e+02     4.00000e+01
    51   4927.5000        6     4.00000e+02    -3.78102e+02    -5.48876e-08     2.79467e+02     3.42179e+02     4.00000e+01
    52   5110.0000        6     4.00000e+02    -4.16900e+02    -6.05197e-08     2.71769e+02     3.81199e+02     4.00000e+01
    53   5292.5000        6     4.00000e+02    -4.59158e+02    -6.66540e-08     2.63557e+02     4.23686e+02     4.00000e+01
    54   5475.0000        6     4.00000e+02    -5.05081e+02    -7.33205e-08     2.54810e+02     4.69843e+02     4.00000e+01
    55   5657.5000        6     4.00000e+02    -5.54989e+02    -8.05655e-08     2.45482e+02     5.19999e+02     4.00000e+01
    56   5840.0000        7     4.00000e+02    -6.09368e+02    -8.84594e-08     2.35489e+02     5.74648e+02     4.00000e+01
    57   6022.5000        6     4.00000e+02    -6.68726e+02    -9.70763e-08     2.24748e+02     6.34301e+02     4.00000e+01
    58   6205.0000        5     4.00000e+02    -7.33513e+02    -1.06481e-07     2.13198e+02     6.99400e+02     4.00000e+01
    59   6570.0000        6     4.00000e+02    -8.30086e+02    -1.20500e-07     2.00000e+02     7.97374e+02     3.73875e+01
    60   6935.0000        3     4.00000e+02    -8.73302e+02    -1.26774e-07     2.00000e+02     8.43603e+02     3.24167e+01
    61   7300.0000        3     4.00000e+02    -9.11617e+02    -1.32336e-07     2.00000e+02     8.85761e+02     2.82536e+01
    62   7665.0000        2     4.00000e+02    -9.46434e+02    -1.37390e-07     2.00000e+02     9.23860e+02     2.47280e+01
    63   8030.0000        3     4.00000e+02    -9.78019e+02    -1.41975e-07     2.00000e+02     9.58213e+02     2.17564e+01
    64   8395.0000        3     4.00000e+02    -1.00662e+03    -1.46126e-07     2.00000e+02     9.89137e+02     1.92585e+01
    65   8760.0000        2     4.00000e+02    -1.03251e+03    -1.49885e-07     2.00000e+02     1.01700e+03     1.71538e+01
    66   9125.0000        2     4.00000e+02    -1.05601e+03    -1.53296e-07     2.00000e+02     1.04216e+03     1.53695e+01
    67   9490.0000        2     4.00000e+02    -1.07739e+03    -1.56400e-07     2.00000e+02     1.06496e+03     1.38457e+01
    68   9855.0000        2     4.00000e+02    -1.09691e+03    -1.59234e-07     2.00000e+02     1.08572e+03     1.25344e+01
    69  10220.0000        2     4.00000e+02    -1.11480e+03    -1.61831e-07     2.00000e+02     1.10467e+03     1.13978e+01
    70  10585.0000        2     4.00000e+02    -1.13123e+03    -1.64217e-07     2.00000e+02     1.12204e+03     1.04062e+01
    71  10950.0000        2     4.00000e+02    -1.14638e+03    -1.66416e-07     2.00000e+02     1.13800e+03     9.53600e+00
