    TS         Day   Newton          W1:BHP             W1:WAT             W1:OIL          W2:BHP             W2:WAT             W2:OIL
     1      0.0010        2     4.00000e+02    -7.55185e+02    -1.09627e-07     2.43589e+02     2.44099e-07     4.00000e+01
     2      0.0030        2     4.00000e+02    -5.85566e+02    -8.50043e-08     2.42163e+02     5.10937e-07     4.00000e+01
     3      0.0070        2     4.00000e+02    -5.16440e+02    -7.49695e-08     2.40874e+02     7.52158e-07     4.00000e+01
     4      0.0150        2     4.00000e+02    -5.53273e+02    -8.03164e-08     2.39810e+02     9.51150e-07     4.00000e+01
     5      0.0310        2     4.00000e+02    -6.66411e+02    -9.67401e-08     2.38896e+02     1.12195e-06     4.00000e+01
     6      0.0630        3     4.00000e+02    -7.83167e+02    -1.13689e-07     2.38038e+02     1.28232e-06     4.00000e+01
     7      0.1270        3     4.00000e+02    -8.69088e+02    -1.26162e-07     2.37177e+02     1.44276e-06     4.00000e+01
     8      0.2550        4     4.00000e+02    -9.20174e+02    -1.33578e-07     2.36293e+02     1.60690e-06     4.00000e+01
     9      0.5110        4     4.00000e+02    -9.37843e+02    -1.36143e-07     2.35378e+02     1.77547e-06     4.00000e+01
    10      1.0230        5     4.00000e+02    -9.16095e+02    -1.32986e-07     2.34396e+02     1.95400e-06     4.00000e+01
    11      2.0470        5     4.00000e+02    -8.59361e+02    -1.24750e-07     2.33284e+02     2.15186e-06     4.00000e+01
    12      4.0950        6     4.00000e+02    -7.78970e+02    -1.13080e-07     2.32154e+02     2.34312e-06     4.00000e+01
    13      8.1910        8     4.00000e+02    -6.83542e+02    -9.92271e-08     2.32333e+02     2.27177e-06     4.00000e+01
    14     12.2870        5     4.00000e+02    -6.15246e+02    -8.93127e-08     2.34434e+02     1.84252e-06     4.00000e+01
    15     20.4790        9     4.00000e+02    -5.19754e+02    -7.54506e-08     2.43258e+02     1.69590e-07     4.00000e+01
    16     28.6710        6     4.00000e+02    -4.47954e+02    -6.50276e-08     2.54278e+02     0.00000e+00     4.00000e+01
    17     45.0550        9     4.00000e+02    -3.51377e+02    -5.10079e-08     2.76548e+02     0.00000e+00     4.00000e+01
    18     61.4390        5     4.00000e+02    -2.80163e+02    -4.06701e-08     2.95927e+02     0.00000e+00     4.00000e+01
    19     94.2070        9     4.00000e+02    -1.91436e+02    -2.77900e-08     3.22272e+02     0.00000e+00     4.00000e+01
    20    159.7430        9     4.00000e+02    -1.08431e+02    -1.57405e-08     3.47039e+02     0.00000e+00     4.00000e+01
    21    290.8150       10     4.00000e+02    -5.93426e+01    -8.61452e-09     3.61568e+02     0.00000e+00     4.00000e+01
    22    365.0000        3     4.00000e+02    -4.77578e+01    -6.93281e-09     3.65049e+02     0.00000e+00     4.00000e+01
    23    496.0720        9     4.00000e+02    -4.20998e+01    -6.11146e-09     3.66990e+02     0.00000e+00     4.00000e+01
    24    613.0360        6     4.00000e+02    -4.06046e+01    -5.89440e-09     3.67728e+02     0.00000e+00     4.00000e+01
    25    730.0000        7     4.00000e+02    -4.01677e+01    -5.83099e-09     3.68175e+02     0.00000e+00     4.00000e+01
    26    846.9640        8     4.00000e+02    -4.00375e+01    -5.81208e-09     3.68537e+02     0.00000e+00     4.00000e+01
    27    905.4460        3     4.00000e+02    -4.00226e+01    -5.80991e-09     3.68725e+02     0.00000e+00     4.00000e+01
    28    963.9280        4     4.00000e+02    -4.00133e+01    -5.80857e-09     3.68911e+02     0.00000e+00     4.00000e+01
    29   1022.4100        6     4.00000e+02    -4.00038e+01    -5.80719e-09     3.69087e+02     0.00000e+00     4.00000e+01
    30   1095.0000        9     4.00000e+02    -4.00833e+01    -5.81873e-09     3.68821e+02     1.65816e-01     4.00000e+01
    31   1167.5900        5     4.00000e+02    -4.07221e+01    -5.91147e-09     3.67977e+02     1.18929e+00     4.00000e+01
    32   1312.7700       10     4.00000e+02    -4.33441e+01    -6.29208e-09     3.66162e+02     4.22454e+00     4.00000e+01
    33   1460.0000        6     4.00000e+02    -4.70714e+01    -6.83316e-09     3.64217e+02     8.20602e+00     4.00000e+01
    34   1607.2300        6     4.00000e+02    -5.18492e+01    -7.52673e-09     3.62038e+02     1.32169e+01     4.00000e+01
    35   1825.0000       10     4.00000e+02    -6.01554e+01    -8.73252e-09     3.58690e+02     2.16876e+01     4.00000e+01
    36   2007.5000        6     4.00000e+02    -6.79895e+01    -9.86976e-09     3.55886e+02     2.95999e+01     4.00000e+01
    37   2190.0000        6     4.00000e+02    -7.64579e+01    -1.10991e-08     3.53095e+02     3.81128e+01     4.00000e+01
    38   2372.5000        6     4.00000e+02    -8.58606e+01    -1.24640e-08     3.50151e+02     4.76137e+01     4.00000e+01
    39   2555.0000        6     4.00000e+02    -9.64419e+01    -1.40001e-08     3.46982e+02     5.83253e+01     4.00000e+01
    40   2737.5000        6     4.00000e+02    -1.08280e+02    -1.57186e-08     3.43599e+02     7.02935e+01     4.00000e+01
    41   2920.0000        6     4.00000e+02    -1.21466e+02    -1.76328e-08     3.39994e+02     8.36113e+01     4.00000e+01
    42   3102.5000        6     4.00000e+02    -1.36139e+02    -1.97627e-08     3.36143e+02     9.84247e+01     4.00000e+01
    43   3285.0000        6     4.00000e+02    -1.52423e+02    -2.21266e-08     3.32035e+02     1.14855e+02     4.00000e+01
    44   3467.5000        6     4.00000e+02    -1.70458e+02    -2.47447e-08     3.27655e+02     1.33043e+02     4.00000e+01
    45   3650.0000        6     4.00000e+02    -1.90421e+02    -2.76426e-08     3.22974e+02     1.53168e+02     4.00000e+01
    46   3832.5000        6     4.00000e+02    -2.12451e+02    -3.08406e-08     3.17981e+02     1.75366e+02     4.00000e+01
    47   4015.0000        6     4.00000e+02    -2.36656e+02    -3.43544e-08     3.12671e+02     1.99739e+02     4.00000e+01
    48   4197.5000        6     4.00000e+02    -2.63165e+02    -3.82026e-08     3.07033e+02     2.26418e+02     4.00000e+01
    49   4380.0000        5     4.00000e+02    -2.92166e+02    -4.24126e-08     3.01036e+02     2.55599e+02     4.00000e+01
    50   4562.5000        7     4.00000e+02    -3.23864e+02    -4.70140e-08     2.94653e+02     2.87485e+02     4.00000e+01
    51   4745.0000        6     4.00000e+02    -3.58498e+02    -5.20416e-08     2.87850e+02     3.22318e+02     4.00000e+01
    52   4927.5000        6     4.00000e+02    -3.96361e+02    -5.75380e-08     2.80580e+02     3.60395e+02     4.00000e+01
    53   5110.0000        6     4.00000e+02    -4.37760e+02    -6.35478e-08     2.72798e+02     4.02022e+02     4.00000e+01
    54   5292.5000        6     4.00000e+02    -4.82902e+02    -7.01009e-08     2.64487e+02     4.47396e+02     4.00000e+01
    55   5475.0000        6     4.00000e+02    -5.32015e+02    -7.72305e-08     2.55625e+02     4.96745e+02     4.00000e+01
    56   5657.5000        7     4.00000e+02    -5.85555e+02    -8.50026e-08     2.46137e+02     5.50542e+02     4.00000e+01
    57   5840.0000        8     4.00000e+02    -6.44126e+02    -9.35051e-08     2.35925e+02     6.09400e+02     4.00000e+01
    58   6022.5000        6     4.00000e+02    -7.08332e+02    -1.02826e-07     2.24896e+02     6.73919e+02     4.00000e+01
    59   6205.0000        5     4.00000e+02    -7.78787e+02    -1.13053e-07     2.12967e+02     7.44713e+02     4.00000e+01
    60   6570.0000        6     4.00000e+02    -8.80702e+02    -1.27848e-07     2.00000e+02     8.48161e+02     3.71484e+01
    61   6935.0000        3     4.00000e+02    -9.26571e+02    -1.34506e-07     2.00000e+02     8.97197e+02     3.20762e+01
    62   7300.0000        3     4.00000e+02    -9.67086e+02    -1.40388e-07     2.00000e+02     9.41597e+02     2.78717e+01
    63   7665.0000        3     4.00000e+02    -1.00369e+03    -1.45702e-07     2.00000e+02     9.81490e+02     2.43439e+01
    64   8030.0000        3     4.00000e+02    -1.03676e+03    -1.50502e-07     2.00000e+02     1.01731e+03     2.13879e+01
    65   8395.0000        3     4.00000e+02    -1.06661e+03    -1.54836e-07     2.00000e+02     1.04947e+03     1.89107e+01
    66   8760.0000        2     4.00000e+02    -1.09359e+03    -1.58752e-07     2.00000e+02     1.07840e+03     1.68264e+01
    67   9125.0000        2     4.00000e+02    -1.11804e+03    -1.62301e-07     2.00000e+02     1.10449e+03     1.50611e+01
    68   9490.0000        2     4.00000e+02    -1.14026e+03    -1.65526e-07     2.00000e+02     1.12813e+03     1.35543e+01
    69   9855.0000        2     4.00000e+02    -1.16053e+03    -1.68469e-07     2.00000e+02     1.14961e+03     1.22584e+01
    70  10220.0000        2     4.00000e+02    -1.17908e+03    -1.71162e-07     2.00000e+02     1.16922e+03     1.11357e+01
    71  10585.0000        2     4.00000e+02    -1.19611e+03    -1.73635e-07     2.00000e+02     1.18717e+03     1.01568e+01
    72  10950.0000        2     4.00000e+02    -1.21180e+03    -1.75913e-07     2.00000e+02     1.20368e+03     9.29820e+00
