    TS         Day   Newton          W1:BHP             W1:WAT             W1:OIL          W2:BHP             W2:WAT             W2:OIL
     1      0.0010        2     4.00000e+02    -6.19513e+02    -8.99321e-08     2.40324e+02     2.61863e-07     4.00000e+01
     2      0.0030        2     4.00000e+02    -4.90031e+02    -7.11358e-08     2.38564e+02     5.91229e-07     4.00000e+01
     3      0.0070        2     4.00000e+02    -4.29456e+02    -6.23423e-08     2.36757e+02     9.29316e-07     4.00000e+01
     4      0.0150        2     4.00000e+02    -4.51489e+02    -6.55409e-08     2.35192e+02     1.22219e-06     4.00000e+01
     5      0.0310        2     4.00000e+02    -5.50839e+02    -7.99631e-08     2.33919e+02     1.46006e-06     4.00000e+01
     6      0.0630        3     4.00000e+02    -6.67674e+02    -9.69235e-08     2.32845e+02     1.66068e-06     4.00000e+01
     7      0.1270        3     4.00000e+02    -7.57584e+02    -1.09975e-07     2.31880e+02     1.84043e-06     4.00000e+01
     8      0.2550        4     4.00000e+02    -8.12497e+02    -1.17947e-07     2.30966e+02     2.00949e-06     4.00000e+01
     9      0.5110        4     4.00000e+02    -8.37615e+02    -1.21593e-07     2.30052e+02     2.17689e-06     4.00000e+01
    10      1.0230        4     4.00000e+02    -8.32588e+02    -1.20863e-07     2.29069e+02     2.35368e-06     4.00000e+01
    11      2.0470        5     4.00000e+02    -7.92143e+02    -1.14992e-07     2.27943e+02     2.55004e-06     4.00000e+01
    12      4.0950        6     4.00000e+02    -7.26318e+02    -1.05437e-07     2.26764e+02     2.74269e-06     4.00000e+01
    13      8.1910        7     4.00000e+02    -6.44606e+02    -9.35748e-08     2.26710e+02     2.69986e-06     4.00000e+01
    14     16.3830       10     4.00000e+02    -5.43335e+02    -7.88737e-08     2.32470e+02     1.52667e-06     4.00000e+01
    15     24.5750        6     4.00000e+02    -4.69561e+02    -6.81643e-08     2.41607e+02     0.00000e+00     4.00000e+01
    16     32.7670        5     4.00000e+02    -4.11767e+02    -5.97746e-08     2.52274e+02     0.00000e+00     4.00000e+01
    17     49.1510        9     4.00000e+02    -3.29562e+02    -4.78411e-08     2.73245e+02     0.00000e+00     4.00000e+01
    18     65.5350        5     4.00000e+02    -2.66766e+02    -3.87253e-08     2.91464e+02     0.00000e+00     4.00000e+01
    19     98.3030        9     4.00000e+02    -1.85862e+02    -2.69809e-08     3.16547e+02     0.00000e+00     4.00000e+01
    20    163.8390        9     4.00000e+02    -1.07659e+02    -1.56284e-08     3.40713e+02     0.00000e+00     4.00000e+01
    21    229.3750        5     4.00000e+02    -7.06590e+01    -1.02573e-08     3.51967e+02     0.00000e+00     4.00000e+01
    22    360.4470        9     4.00000e+02    -4.87589e+01    -7.07813e-09     3.58762e+02     0.00000e+00     4.00000e+01
    23    365.0000        1     4.00000e+02    -4.80235e+01    -6.97138e-09     3.58980e+02     0.00000e+00     4.00000e+01
    24    496.0720        7     4.00000e+02    -4.22072e+01    -6.12705e-09     3.61019e+02     0.00000e+00     4.00000e+01
    25    613.0360        5     4.00000e+02    -4.06206e+01    -5.89672e-09     3.61798e+02     0.00000e+00     4.00000e+01
    26    730.0000        6     4.00000e+02    -4.01396e+01    -5.82690e-09     3.62261e+02     0.00000e+00     4.00000e+01
    27    846.9640        6     4.00000e+02    -3.99907e+01    -5.80529e-09     3.62628e+02     0.00000e+00     4.00000e+01
    28    963.9280        9     4.00000e+02    -3.99417e+01    -5.79817e-09     3.62963e+02     0.00000e+00     4.00000e+01
    29   1029.4640        4     4.00000e+02    -3.99420e+01    -5.79822e-09     3.63164e+02     0.00000e+00     4.00000e+01
    30   1095.0000        7     4.00000e+02    -3.99397e+01    -5.79788e-09     3.63336e+02     2.92623e-04     4.00000e+01
    31   1226.0720       10     4.00000e+02    -4.06446e+01    -5.90021e-09     3.61741e+02     1.02810e+00     4.00000e+01
    32   1343.0360        5     4.00000e+02    -4.28312e+01    -6.21762e-09     3.59520e+02     3.83499e+00     4.00000e+01
    33   1460.0000        5     4.00000e+02    -4.61035e+01    -6.69265e-09     3.57225e+02     7.47756e+00     4.00000e+01
    34   1576.9640        5     4.00000e+02    -4.99305e+01    -7.24821e-09     3.55036e+02     1.14532e+01     4.00000e+01
    35   1693.9280        5     4.00000e+02    -5.41548e+01    -7.86143e-09     3.52887e+02     1.57676e+01     4.00000e+01
    36   1825.0000        5     4.00000e+02    -5.92489e+01    -8.60092e-09     3.50503e+02     2.09241e+01     4.00000e+01
    37   1956.0720        5     4.00000e+02    -6.46831e+01    -9.38979e-09     3.48142e+02     2.64058e+01     4.00000e+01
    38   2073.0360        5     4.00000e+02    -6.98688e+01    -1.01426e-08     3.46005e+02     3.16468e+01     4.00000e+01
    39   2190.0000        5     4.00000e+02    -7.54495e+01    -1.09527e-08     3.43777e+02     3.73057e+01     4.00000e+01
    40   2306.9640        5     4.00000e+02    -8.14740e+01    -1.18273e-08     3.41451e+02     4.34183e+01     4.00000e+01
    41   2423.9280        5     4.00000e+02    -8.79405e+01    -1.27660e-08     3.39043e+02     4.99663e+01     4.00000e+01
    42   2555.0000        5     4.00000e+02    -9.56963e+01    -1.38918e-08     3.36258e+02     5.78037e+01     4.00000e+01
    43   2686.0720        5     4.00000e+02    -1.03966e+02    -1.50923e-08     3.33413e+02     6.61444e+01     4.00000e+01
    44   2920.0000       10     4.00000e+02    -1.19830e+02    -1.73952e-08     3.28235e+02     8.21077e+01     4.00000e+01
    45   3102.5000        5     4.00000e+02    -1.33622e+02    -1.93974e-08     3.23955e+02     9.60294e+01     4.00000e+01
    46   3285.0000        6     4.00000e+02    -1.48847e+02    -2.16075e-08     3.19405e+02     1.11398e+02     4.00000e+01
    47   3467.5000        6     4.00000e+02    -1.65809e+02    -2.40698e-08     3.14492e+02     1.28537e+02     4.00000e+01
    48   3650.0000        6     4.00000e+02    -1.84788e+02    -2.68250e-08     3.09157e+02     1.47719e+02     4.00000e+01
    49   3832.5000        7     4.00000e+02    -2.05942e+02    -2.98958e-08     3.03394e+02     1.69080e+02     4.00000e+01
    50   4015.0000        7     4.00000e+02    -2.29310e+02    -3.32881e-08     2.97235e+02     1.92645e+02     4.00000e+01
    51   4197.5000        6     4.00000e+02    -2.54876e+02    -3.69993e-08     2.90716e+02     2.18394e+02     4.00000e+01
    52   4380.0000        6     4.00000e+02    -2.82630e+02    -4.10282e-08     2.83862e+02     2.46319e+02     4.00000e+01
    53   4562.5000        6     4.00000e+02    -3.12588e+02    -4.53772e-08     2.76685e+02     2.76441e+02     4.00000e+01
    54   4745.0000        7     4.00000e+02    -3.44826e+02    -5.00570e-08     2.69173e+02     3.08842e+02     4.00000e+01
    55   4927.5000        6     4.00000e+02    -3.79529e+02    -5.50947e-08     2.61288e+02     3.43718e+02     4.00000e+01
    56   5110.0000        6     4.00000e+02    -4.16968e+02    -6.05295e-08     2.52968e+02     3.81347e+02     4.00000e+01
    57   5292.5000        6     4.00000e+02    -4.57535e+02    -6.64185e-08     2.44126e+02     4.22129e+02     4.00000e+01
    58   5475.0000        6     4.00000e+02    -5.01893e+02    -7.28578e-08     2.34611e+02     4.66749e+02     4.00000e+01
    59   5657.5000        6     4.00000e+02    -5.50969e+02    -7.99820e-08     2.24218e+02     5.16147e+02     4.00000e+01
    60   5840.0000        6     4.00000e+02    -6.05576e+02    -8.79089e-08     2.12796e+02     5.71122e+02     4.00000e+01
    61   6022.5000        6     4.00000e+02    -6.66136e+02    -9.67002e-08     2.00305e+02     6.32061e+02     4.00000e+01
    62   6205.0000        6     4.00000e+02    -6.90286e+02    -1.00206e-07     2.00000e+02     6.56207e+02     3.72036e+01
    63   6570.0000        6     4.00000e+02    -7.28182e+02    -1.05707e-07     2.00000e+02     6.98131e+02     3.26533e+01
    64   6935.0000        4     4.00000e+02    -7.62347e+02    -1.10667e-07     2.00000e+02     7.35792e+02     2.88668e+01
    65   7300.0000        3     4.00000e+02    -7.93739e+02    -1.15224e-07     2.00000e+02     7.70216e+02     2.56093e+01
    66   7665.0000        3     4.00000e+02    -8.22808e+02    -1.19444e-07     2.00000e+02     8.01938e+02     2.27698e+01
    67   8030.0000        2     4.00000e+02    -8.49698e+02    -1.23347e-07     2.00000e+02     8.31136e+02     2.03019e+01
    68   8395.0000        3     4.00000e+02    -8.74471e+02    -1.26943e-07     2.00000e+02     8.57900e+02     1.81714e+01
    69   8760.0000        2     4.00000e+02    -8.97230e+02    -1.30247e-07     2.00000e+02     8.82373e+02     1.63380e+01
    70   9125.0000        2     4.00000e+02    -9.18126e+02    -1.33281e-07     2.00000e+02     9.04746e+02     1.47583e+01
    71   9490.0000        2     4.00000e+02    -9.37332e+02    -1.36069e-07     2.00000e+02     9.25231e+02     1.33915e+01
    72   9855.0000        2     4.00000e+02    -9.55019e+02    -1.38636e-07     2.00000e+02     9.44033e+02     1.22025e+01
    73  10220.0000        2     4.00000e+02    -9.71347e+02    -1.41006e-07     2.00000e+02     9.61337e+02     1.11622e+01
    74  10585.0000        2     4.00000e+02    -9.86457e+02    -1.43200e-07     2.00000e+02     9.77307e+02     1.02470e+01
    75  10950.0000        2     4.00000e+02    -1.00047e+03    -1.45235e-07     2.00000e+02     9.92086e+02     9.43754e+00
