    TS         Day   Newton          W1:BHP             W1:WAT             W1:OIL          W2:BHP             W2:WAT             W2:OIL
     1      0.0010        2     4.00000e+02    -5.16093e+02    -7.49192e-08     2.45721e+02     1.96501e-07     4.00000e+01
     2      0.0030        2     4.00000e+02    -4.17228e+02    -6.05672e-08     2.44523e+02     4.20737e-07     4.00000e+01
     3      0.0070        2     4.00000e+02    -3.63137e+02    -5.27151e-08     2.43367e+02     6.36993e-07     4.00000e+01
     4      0.0150        2     4.00000e+02    -3.70202e+02    -5.37407e-08     2.42337e+02     8.29693e-07     4.00000e+01
     5      0.0310        2     4.00000e+02    -4.49758e+02    -6.52896e-08     2.41393e+02     1.00635e-06     4.00000e+01
     6      0.0630        3     4.00000e+02    -5.63925e+02    -8.18627e-08     2.40476e+02     1.17769e-06     4.00000e+01
     7      0.1270        3     4.00000e+02    -6.62063e+02    -9.61090e-08     2.39562e+02     1.34834e-06     4.00000e+01
     8      0.2550        3     4.00000e+02    -7.28923e+02    -1.05815e-07     2.38645e+02     1.51901e-06     4.00000e+01
     9      0.5110        4     4.00000e+02    -7.66573e+02    -1.11280e-07     2.37717e+02     1.69093e-06     4.00000e+01
    10      1.0230        4     4.00000e+02    -7.74607e+02    -1.12446e-07     2.36732e+02     1.87181e-06     4.00000e+01
    11      2.0470        5     4.00000e+02    -7.48242e+02    -1.08619e-07     2.35616e+02     2.07395e-06     4.00000e+01
    12      4.0950        6     4.00000e+02    -6.89767e+02    -1.00131e-07     2.34423e+02     2.28370e-06     4.00000e+01
    13      8.1910        8     4.00000e+02    -6.12084e+02    -8.88538e-08     2.34152e+02     2.30875e-06     4.00000e+01
    14     16.3830       10     4.00000e+02    -5.18587e+02    -7.52811e-08     2.39002e+02     1.35364e-06     4.00000e+01
    15     24.5750        6     4.00000e+02    -4.52158e+02    -6.56380e-08     2.47086e+02     0.00000e+00     4.00000e+01
    16     32.7670        5     4.00000e+02    -4.00703e+02    -5.81684e-08     2.56764e+02     0.00000e+00     4.00000e+01
    17     49.1510        9     4.00000e+02    -3.27053e+02    -4.74769e-08     2.76432e+02     0.00000e+00     4.00000e+01
    18     65.5350        5     4.00000e+02    -2.70025e+02    -3.91984e-08     2.93997e+02     0.00000e+00     4.00000e+01
    19     98.3030        9     4.00000e+02    -1.93531e+02    -2.80942e-08     3.19160e+02     0.00000e+00     4.00000e+01
    20    163.8390        9     4.00000e+02    -1.15098e+02    -1.67083e-08     3.44725e+02     0.00000e+00     4.00000e+01
    21    229.3750        5     4.00000e+02    -7.58476e+01    -1.10105e-08     3.57232e+02     0.00000e+00     4.00000e+01
    22    360.4470        9     4.00000e+02    -5.09887e+01    -7.40182e-09     3.65231e+02     0.00000e+00     4.00000e+01
    23    365.0000        1     4.00000e+02    -5.01456e+01    -7.27943e-09     3.65489e+02     0.00000e+00     4.00000e+01
    24    496.0720        7     4.00000e+02    -4.30486e+01    -6.24919e-09     3.67989e+02     0.00000e+00     4.00000e+01
    25    613.0360        6     4.00000e+02    -4.09898e+01    -5.95032e-09     3.68932e+02     0.00000e+00     4.00000e+01
    26    730.0000        6     4.00000e+02    -4.03293e+01    -5.85443e-09     3.69458e+02     0.00000e+00     4.00000e+01
    27    846.9640        7     4.00000e+02    -4.01158e+01    -5.82344e-09     3.69853e+02     0.00000e+00     4.00000e+01
    28    963.9280        7     4.00000e+02    -4.00428e+01    -5.81285e-09     3.70203e+02     0.00000e+00     4.00000e+01
    29   1029.4640        4     4.00000e+02    -4.00352e+01    -5.81174e-09     3.70410e+02     0.00000e+00     4.00000e+01
    30   1095.0000        5     4.00000e+02    -4.00277e+01    -5.81066e-09     3.70612e+02     0.00000e+00     4.00000e+01
    31   1160.5360        9     4.00000e+02    -4.00270e+01    -5.81056e-09     3.70682e+02     1.84950e-02     4.00000e+01
    32   1226.0720        6     4.00000e+02    -4.02549e+01    -5.84364e-09     3.70328e+02     4.57151e-01     4.00000e+01
    33   1291.6080        6     4.00000e+02    -4.08534e+01    -5.93052e-09     3.69808e+02     1.35448e+00     4.00000e+01
    34   1422.6800        8     4.00000e+02    -4.34394e+01    -6.30592e-09     3.68068e+02     4.47361e+00     4.00000e+01
    35   1460.0000        2     4.00000e+02    -4.44535e+01    -6.45314e-09     3.67458e+02     5.80646e+00     4.00000e+01
    36   1591.0720        6     4.00000e+02    -4.85233e+01    -7.04393e-09     3.65553e+02     1.00129e+01     4.00000e+01
    37   1708.0360        5     4.00000e+02    -5.24616e+01    -7.61564e-09     3.63936e+02     1.40035e+01     4.00000e+01
    38   1825.0000        4     4.00000e+02    -5.67865e+01    -8.24346e-09     3.62260e+02     1.84228e+01     4.00000e+01
    39   1941.9640        5     4.00000e+02    -6.15759e+01    -8.93872e-09     3.60483e+02     2.33294e+01     4.00000e+01
    40   2058.9280        5     4.00000e+02    -6.68240e+01    -9.70056e-09     3.58623e+02     2.86847e+01     4.00000e+01
    41   2190.0000        5     4.00000e+02    -7.31568e+01    -1.06199e-08     3.56491e+02     3.50989e+01     4.00000e+01
    42   2321.0720        5     4.00000e+02    -7.99240e+01    -1.16022e-08     3.54316e+02     4.19307e+01     4.00000e+01
    43   2555.0000       10     4.00000e+02    -9.26529e+01    -1.34500e-08     3.50476e+02     5.47032e+01     4.00000e+01
    44   2737.5000        5     4.00000e+02    -1.03597e+02    -1.50387e-08     3.47369e+02     6.57356e+01     4.00000e+01
    45   2920.0000        6     4.00000e+02    -1.15641e+02    -1.67871e-08     3.44081e+02     7.79006e+01     4.00000e+01
    46   3102.5000        6     4.00000e+02    -1.29047e+02    -1.87333e-08     3.40540e+02     9.14636e+01     4.00000e+01
    47   3285.0000        6     4.00000e+02    -1.43976e+02    -2.09004e-08     3.36727e+02     1.06561e+02     4.00000e+01
    48   3467.5000        6     4.00000e+02    -1.60482e+02    -2.32965e-08     3.32654e+02     1.23230e+02     4.00000e+01
    49   3650.0000        6     4.00000e+02    -1.78618e+02    -2.59293e-08     3.28327e+02     1.41526e+02     4.00000e+01
    50   3832.5000        6     4.00000e+02    -1.98494e+02    -2.88146e-08     3.23731e+02     1.61565e+02     4.00000e+01
    51   4015.0000        6     4.00000e+02    -2.20102e+02    -3.19514e-08     3.18890e+02     1.83324e+02     4.00000e+01
    52   4197.5000        7     4.00000e+02    -2.43404e+02    -3.53339e-08     3.13834e+02     2.06762e+02     4.00000e+01
    53   4380.0000        6     4.00000e+02    -2.68534e+02    -3.89821e-08     3.08530e+02     2.32038e+02     4.00000e+01
    54   4562.5000        6     4.00000e+02    -2.95749e+02    -4.29327e-08     3.02922e+02     2.59421e+02     4.00000e+01
    55   4745.0000        6     4.00000e+02    -3.25327e+02    -4.72264e-08     2.96951e+02     2.89188e+02     4.00000e+01
    56   4927.5000        6     4.00000e+02    -3.57556e+02    -5.19049e-08     2.90569e+02     3.21625e+02     4.00000e+01
    57   5110.0000        6     4.00000e+02    -3.92745e+02    -5.70132e-08     2.83720e+02     3.57043e+02     4.00000e+01
    58   5292.5000        5     4.00000e+02    -4.31276e+02    -6.26066e-08     2.76339e+02     3.95828e+02     4.00000e+01
    59   5475.0000        6     4.00000e+02    -4.73563e+02    -6.87452e-08     2.68357e+02     4.38392e+02     4.00000e+01
    60   5657.5000        6     4.00000e+02    -5.19990e+02    -7.54848e-08     2.59719e+02     4.85115e+02     4.00000e+01
    61   5840.0000        7     4.00000e+02    -5.70893e+02    -8.28742e-08     2.50386e+02     5.36326e+02     4.00000e+01
    62   6022.5000        7     4.00000e+02    -6.26553e+02    -9.09542e-08     2.40330e+02     5.92300e+02     4.00000e+01
    63   6205.0000        6     4.00000e+02    -6.87240e+02    -9.97639e-08     2.29527e+02     6.53307e+02     4.00000e+01
    64   6570.0000        7     4.00000e+02    -8.25913e+02    -1.19894e-07     2.05275e+02     7.92669e+02     4.00000e+01
    65   6935.0000        5     4.00000e+02    -8.91975e+02    -1.29484e-07     2.00000e+02     8.60356e+02     3.53671e+01
    66   7300.0000        3     4.00000e+02    -9.30933e+02    -1.35140e-07     2.00000e+02     9.03010e+02     3.05361e+01
    67   7665.0000        3     4.00000e+02    -9.65374e+02    -1.40139e-07     2.00000e+02     9.41147e+02     2.65380e+01
    68   8030.0000        2     4.00000e+02    -9.96212e+02    -1.44616e-07     2.00000e+02     9.75077e+02     2.32093e+01
    69   8395.0000        2     4.00000e+02    -1.02386e+03    -1.48629e-07     2.00000e+02     1.00530e+03     2.04363e+01
    70   8760.0000        2     4.00000e+02    -1.04868e+03    -1.52232e-07     2.00000e+02     1.03228e+03     1.81175e+01
    71   9125.0000        2     4.00000e+02    -1.07104e+03    -1.55478e-07     2.00000e+02     1.05646e+03     1.61656e+01
    72   9490.0000        2     4.00000e+02    -1.09125e+03    -1.58413e-07     2.00000e+02     1.07822e+03     1.45095e+01
    73   9855.0000        2     4.00000e+02    -1.10959e+03    -1.61075e-07     2.00000e+02     1.09789e+03     1.30929e+01
    74  10220.0000        2     4.00000e+02    -1.12630e+03    -1.63501e-07     2.00000e+02     1.11575e+03     1.18720e+01
    75  10585.0000        2     4.00000e+02    -1.14158e+03    -1.65719e-07     2.00000e+02     1.13202e+03     1.08122e+01
    76  10950.0000        2     4.00000e+02    -1.15560e+03    -1.67753e-07     2.00000e+02     1.14691e+03     9.88638e+00
