    TS         Day   Newton          W1:BHP             W1:WAT             W1:OIL          W2:BHP             W2:WAT             W2:OIL
     1      0.0010        2     4.00000e+02    -8.16895e+02    -1.18585e-07     2.40257e+02     3.18417e-07     4.00000e+01
     2      0.0030        2     4.00000e+02    -6.48694e+02    -9.41683e-08     2.38432e+02     6.59955e-07     4.00000e+01
     3      0.0070        2     4.00000e+02    -5.42904e+02    -7.88112e-08     2.36862e+02     9.53741e-07     4.00000e+01
     4      0.0150        2     4.00000e+02    -5.20805e+02    -7.56032e-08     2.35670e+02     1.17666e-06     4.00000e+01
     5      0.0310        2     4.00000e+02    -5.88101e+02    -8.53722e-08     2.34723e+02     1.35360e-06     4.00000e+01
     6      0.0630        3     4.00000e+02    -6.97722e+02    -1.01285e-07     2.33867e+02     1.51332e-06     4.00000e+01
     7      0.1270        3     4.00000e+02    -7.93740e+02    -1.15224e-07     2.33029e+02     1.66901e-06     4.00000e+01
     8      0.2550        4     4.00000e+02    -8.60288e+02    -1.24885e-07     2.32191e+02     1.82351e-06     4.00000e+01
     9      0.5110        4     4.00000e+02    -8.92715e+02    -1.29592e-07     2.31337e+02     1.97879e-06     4.00000e+01
    10      1.0230        4     4.00000e+02    -8.88862e+02    -1.29032e-07     2.30415e+02     2.14239e-06     4.00000e+01
    11      2.0470        5     4.00000e+02    -8.48403e+02    -1.23159e-07     2.29356e+02     2.32293e-06     4.00000e+01
    12      4.0950        6     4.00000e+02    -7.77644e+02    -1.12887e-07     2.28274e+02     2.49151e-06     4.00000e+01
    13      8.1910        9     4.00000e+02    -6.85557e+02    -9.95195e-08     2.28474e+02     2.39123e-06     4.00000e+01
    14     12.2870        5     4.00000e+02    -6.20233e+02    -9.00367e-08     2.30564e+02     1.94182e-06     4.00000e+01
    15     20.4790        9     4.00000e+02    -5.28218e+02    -7.66793e-08     2.39344e+02     2.55887e-07     4.00000e+01
    16     28.6710        6     4.00000e+02    -4.57306e+02    -6.63853e-08     2.50345e+02     0.00000e+00     4.00000e+01
    17     45.0550       10     4.00000e+02    -3.59827e+02    -5.22346e-08     2.72676e+02     0.00000e+00     4.00000e+01
    18     61.4390        6     4.00000e+02    -2.87098e+02    -4.16769e-08     2.92160e+02     0.00000e+00     4.00000e+01
    19     94.2070        9     4.00000e+02    -1.95717e+02    -2.84115e-08     3.18681e+02     0.00000e+00     4.00000e+01
    20    159.7430        9     4.00000e+02    -1.10117e+02    -1.59852e-08     3.43566e+02     0.00000e+00     4.00000e+01
    21    225.2790        4     4.00000e+02    -7.08477e+01    -1.02847e-08     3.54825e+02     0.00000e+00     4.00000e+01
    22    356.3510        9     4.00000e+02    -4.85035e+01    -7.04106e-09     3.61377e+02     0.00000e+00     4.00000e+01
    23    365.0000        1     4.00000e+02    -4.71997e+01    -6.85179e-09     3.61750e+02     0.00000e+00     4.00000e+01
    24    496.0720        7     4.00000e+02    -4.19183e+01    -6.08510e-09     3.63536e+02     0.00000e+00     4.00000e+01
    25    613.0360        6     4.00000e+02    -4.05309e+01    -5.88370e-09     3.64222e+02     0.00000e+00     4.00000e+01
    26    730.0000        6     4.00000e+02    -4.01269e+01    -5.82506e-09     3.64644e+02     0.00000e+00     4.00000e+01
    27    846.9640        7     4.00000e+02    -4.00072e+01    -5.80769e-09     3.64992e+02     0.00000e+00     4.00000e+01
    28    963.9280        8     4.00000e+02    -3.99685e+01    -5.80206e-09     3.65318e+02     0.00000e+00     4.00000e+01
    29   1029.4640        4     4.00000e+02    -3.99710e+01    -5.80243e-09     3.65514e+02     0.00000e+00     4.00000e+01
    30   1095.0000        5     4.00000e+02    -3.99683e+01    -5.80204e-09     3.65709e+02     0.00000e+00     4.00000e+01
    31   1160.5360        7     4.00000e+02    -3.99622e+01    -5.80116e-09     3.65892e+02     0.00000e+00     4.00000e+01
    32   1226.0720        7     4.00000e+02    -4.00309e+01    -5.81112e-09     3.65487e+02     1.37545e-01     4.00000e+01
    33   1357.1440        9     4.00000e+02    -4.23908e+01    -6.15370e-09     3.62556e+02     3.30277e+00     4.00000e+01
    34   1460.0000        5     4.00000e+02    -4.55466e+01    -6.61181e-09     3.60321e+02     6.93748e+00     4.00000e+01
    35   1591.0720        6     4.00000e+02    -4.99896e+01    -7.25679e-09     3.57921e+02     1.14448e+01     4.00000e+01
    36   1708.0360        5     4.00000e+02    -5.43949e+01    -7.89628e-09     3.55789e+02     1.59405e+01     4.00000e+01
    37   1825.0000        5     4.00000e+02    -5.92351e+01    -8.59891e-09     3.53627e+02     2.08722e+01     4.00000e+01
    38   1941.9640        5     4.00000e+02    -6.44059e+01    -9.34955e-09     3.51486e+02     2.60952e+01     4.00000e+01
    39   2058.9280        5     4.00000e+02    -6.98453e+01    -1.01392e-08     3.49374e+02     3.15663e+01     4.00000e+01
    40   2190.0000        5     4.00000e+02    -7.62285e+01    -1.10658e-08     3.47025e+02     3.79782e+01     4.00000e+01
    41   2321.0720        5     4.00000e+02    -8.29566e+01    -1.20425e-08     3.44669e+02     4.47412e+01     4.00000e+01
    42   2438.0360        5     4.00000e+02    -8.93162e+01    -1.29657e-08     3.42530e+02     5.11464e+01     4.00000e+01
    43   2555.0000        4     4.00000e+02    -9.60675e+01    -1.39457e-08     3.40328e+02     5.79569e+01     4.00000e+01
    44   2671.9640        5     4.00000e+02    -1.03260e+02    -1.49899e-08     3.38051e+02     6.52185e+01     4.00000e+01
    45   2788.9280        5     4.00000e+02    -1.10948e+02    -1.61058e-08     3.35685e+02     7.29830e+01     4.00000e+01
    46   2920.0000        5     4.00000e+02    -1.20241e+02    -1.74548e-08     3.32895e+02     8.23762e+01     4.00000e+01
    47   3051.0720        5     4.00000e+02    -1.30355e+02    -1.89231e-08     3.29933e+02     9.26075e+01     4.00000e+01
    48   3168.0360        5     4.00000e+02    -1.40082e+02    -2.03351e-08     3.27165e+02     1.02435e+02     4.00000e+01
    49   3285.0000        5     4.00000e+02    -1.50433e+02    -2.18378e-08     3.24302e+02     1.12873e+02     4.00000e+01
    50   3401.9640        5     4.00000e+02    -1.61454e+02    -2.34377e-08     3.21327e+02     1.23986e+02     4.00000e+01
    51   3518.9280        5     4.00000e+02    -1.73189e+02    -2.51412e-08     3.18234e+02     1.35816e+02     4.00000e+01
    52   3650.0000        5     4.00000e+02    -1.87176e+02    -2.71716e-08     3.14642e+02     1.49902e+02     4.00000e+01
    53   3781.0720        5     4.00000e+02    -2.02106e+02    -2.93389e-08     3.10906e+02     1.64938e+02     4.00000e+01
    54   4015.0000       10     4.00000e+02    -2.31069e+02    -3.35434e-08     3.03900e+02     1.94072e+02     4.00000e+01
    55   4197.5000        6     4.00000e+02    -2.56173e+02    -3.71876e-08     2.98032e+02     2.19353e+02     4.00000e+01
    56   4380.0000        6     4.00000e+02    -2.83612e+02    -4.11708e-08     2.91799e+02     2.46965e+02     4.00000e+01
    57   4562.5000        7     4.00000e+02    -3.13415e+02    -4.54972e-08     2.85218e+02     2.76934e+02     4.00000e+01
    58   4745.0000        6     4.00000e+02    -3.45622e+02    -5.01725e-08     2.78298e+02     3.09302e+02     4.00000e+01
    59   4927.5000        7     4.00000e+02    -3.80403e+02    -5.52216e-08     2.71009e+02     3.44252e+02     4.00000e+01
    60   5110.0000        7     4.00000e+02    -4.18140e+02    -6.06997e-08     2.63267e+02     3.82182e+02     4.00000e+01
    61   5292.5000        6     4.00000e+02    -4.59360e+02    -6.66834e-08     2.54965e+02     4.23628e+02     4.00000e+01
    62   5475.0000        7     4.00000e+02    -5.04625e+02    -7.32543e-08     2.45997e+02     4.69152e+02     4.00000e+01
    63   5657.5000        6     4.00000e+02    -5.54618e+02    -8.05117e-08     2.36237e+02     5.19443e+02     4.00000e+01
    64   5840.0000        7     4.00000e+02    -6.09986e+02    -8.85492e-08     2.25584e+02     5.75139e+02     4.00000e+01
    65   6022.5000        8     4.00000e+02    -6.71282e+02    -9.74472e-08     2.13964e+02     6.36785e+02     4.00000e+01
    66   6205.0000        7     4.00000e+02    -7.38968e+02    -1.07273e-07     2.01330e+02     7.04835e+02     4.00000e+01
    67   6570.0000        8     4.00000e+02    -7.89791e+02    -1.14651e-07     2.00000e+02     7.57769e+02     3.49816e+01
    68   6935.0000        4     4.00000e+02    -8.29787e+02    -1.20457e-07     2.00000e+02     8.01564e+02     3.06746e+01
    69   7300.0000        3     4.00000e+02    -8.65942e+02    -1.25705e-07     2.00000e+02     8.41066e+02     2.70692e+01
    70   7665.0000        3     4.00000e+02    -8.99020e+02    -1.30507e-07     2.00000e+02     8.77014e+02     2.39927e+01
    71   8030.0000        3     4.00000e+02    -9.29395e+02    -1.34917e-07     2.00000e+02     9.09862e+02     2.13483e+01
    72   8395.0000        2     4.00000e+02    -9.57286e+02    -1.38965e-07     2.00000e+02     9.39880e+02     1.90741e+01
    73   8760.0000        2     4.00000e+02    -9.82873e+02    -1.42680e-07     2.00000e+02     9.67299e+02     1.71183e+01
    74   9125.0000        2     4.00000e+02    -1.00635e+03    -1.46088e-07     2.00000e+02     9.92356e+02     1.54330e+01
    75   9490.0000        2     4.00000e+02    -1.02792e+03    -1.49219e-07     2.00000e+02     1.01529e+03     1.39751e+01
    76   9855.0000        2     4.00000e+02    -1.04777e+03    -1.52100e-07     2.00000e+02     1.03633e+03     1.27076e+01
    77  10220.0000        2     4.00000e+02    -1.06608e+03    -1.54758e-07     2.00000e+02     1.05568e+03     1.15996e+01
    78  10585.0000        2     4.00000e+02    -1.08301e+03    -1.57216e-07     2.00000e+02     1.07353e+03     1.06261e+01
    79  10950.0000        2     4.00000e+02    -1.09870e+03    -1.59494e-07     2.00000e+02     1.09003e+03     9.76634e+00
