    TS         Day   Newton          W1:BHP             W1:WAT             W1:OIL          W2:BHP             W2:WAT             W2:OIL
     1      0.0010        2     4.00000e+02    -7.50720e+02    -1.08979e-07     2.40784e+02     2.77795e-07     4.00000e+01
     2      0.0030        2     4.00000e+02    -5.94286e+02    -8.62700e-08     2.39023e+02     6.07276e-07     4.00000e+01
     3      0.0070        2     4.00000e+02    -5.30337e+02    -7.69868e-08     2.37329e+02     9.24336e-07     4.00000e+01
     4      0.0150        2     4.00000e+02    -5.72163e+02    -8.30586e-08     2.35925e+02     1.18696e-06     4.00000e+01
     5      0.0310        2     4.00000e+02    -6.99174e+02    -1.01496e-07     2.34781e+02     1.40072e-06     4.00000e+01
     6      0.0630        3     4.00000e+02    -8.29505e+02    -1.20416e-07     2.33773e+02     1.58891e-06     4.00000e+01
     7      0.1270        3     4.00000e+02    -9.16321e+02    -1.33019e-07     2.32821e+02     1.76615e-06     4.00000e+01
     8      0.2550        4     4.00000e+02    -9.57498e+02    -1.38996e-07     2.31893e+02     1.93800e-06     4.00000e+01
     9      0.5110        4     4.00000e+02    -9.60357e+02    -1.39411e-07     2.30962e+02     2.10826e-06     4.00000e+01
    10      1.0230        4     4.00000e+02    -9.28877e+02    -1.34841e-07     2.29978e+02     2.28492e-06     4.00000e+01
    11      2.0470        5     4.00000e+02    -8.66864e+02    -1.25839e-07     2.28865e+02     2.47826e-06     4.00000e+01
    12      4.0950        6     4.00000e+02    -7.84861e+02    -1.13935e-07     2.27717e+02     2.66411e-06     4.00000e+01
    13      8.1910        9     4.00000e+02    -6.89213e+02    -1.00050e-07     2.27789e+02     2.59589e-06     4.00000e+01
    14     12.2870        5     4.00000e+02    -6.19289e+02    -8.98996e-08     2.29740e+02     2.17930e-06     4.00000e+01
    15     20.4790        9     4.00000e+02    -5.20980e+02    -7.56285e-08     2.38231e+02     5.19942e-07     4.00000e+01
    16     28.6710        5     4.00000e+02    -4.47476e+02    -6.49582e-08     2.48956e+02     0.00000e+00     4.00000e+01
    17     45.0550        9     4.00000e+02    -3.50628e+02    -5.08993e-08     2.70857e+02     0.00000e+00     4.00000e+01
    18     61.4390        5     4.00000e+02    -2.80108e+02    -4.06622e-08     2.90051e+02     0.00000e+00     4.00000e+01
    19     94.2070        9     4.00000e+02    -1.92450e+02    -2.79372e-08     3.16407e+02     0.00000e+00     4.00000e+01
    20    159.7430        9     4.00000e+02    -1.09769e+02    -1.59348e-08     3.41535e+02     0.00000e+00     4.00000e+01
    21    290.8150       10     4.00000e+02    -6.00570e+01    -8.71823e-09     3.56541e+02     0.00000e+00     4.00000e+01
    22    365.0000        3     4.00000e+02    -4.81467e+01    -6.98926e-09     3.60185e+02     0.00000e+00     4.00000e+01
    23    496.0720        8     4.00000e+02    -4.22205e+01    -6.12898e-09     3.62240e+02     0.00000e+00     4.00000e+01
    24    613.0360        6     4.00000e+02    -4.06273e+01    -5.89770e-09     3.63019e+02     0.00000e+00     4.00000e+01
    25    730.0000        6     4.00000e+02    -4.01534e+01    -5.82891e-09     3.63485e+02     0.00000e+00     4.00000e+01
    26    846.9640        6     4.00000e+02    -4.00104e+01    -5.80815e-09     3.63861e+02     0.00000e+00     4.00000e+01
    27    963.9280        8     4.00000e+02    -3.99610e+01    -5.80098e-09     3.64202e+02     0.00000e+00     4.00000e+01
    28   1029.4640        4     4.00000e+02    -3.99602e+01    -5.80086e-09     3.64405e+02     0.00000e+00     4.00000e+01
    29   1095.0000        5     4.00000e+02    -3.99571e+01    -5.80041e-09     3.64608e+02     0.00000e+00     4.00000e+01
    30   1160.5360        7     4.00000e+02    -3.99511e+01    -5.79954e-09     3.64758e+02     6.07834e-04     4.00002e+01
    31   1291.6080        9     4.00000e+02    -4.11475e+01    -5.97322e-09     3.62587e+02     1.68714e+00     4.00000e+01
    32   1460.0000        8     4.00000e+02    -4.59221e+01    -6.66632e-09     3.58851e+02     7.29779e+00     4.00000e+01
    33   1628.3920        7     4.00000e+02    -5.18941e+01    -7.53325e-09     3.55594e+02     1.34720e+01     4.00000e+01
    34   1825.0000        7     4.00000e+02    -5.91611e+01    -8.58817e-09     3.52307e+02     2.07191e+01     4.00000e+01
    35   2007.5000        6     4.00000e+02    -6.66205e+01    -9.67103e-09     3.49243e+02     2.82469e+01     4.00000e+01
    36   2190.0000        7     4.00000e+02    -7.51805e+01    -1.09136e-08     3.45910e+02     3.69525e+01     4.00000e+01
    37   2372.5000        6     4.00000e+02    -8.49159e+01    -1.23269e-08     3.42329e+02     4.68327e+01     4.00000e+01
    38   2555.0000        6     4.00000e+02    -9.56343e+01    -1.38828e-08     3.38640e+02     5.76484e+01     4.00000e+01
    39   2737.5000        6     4.00000e+02    -1.07269e+02    -1.55718e-08     3.34871e+02     6.93626e+01     4.00000e+01
    40   2920.0000        6     4.00000e+02    -1.19928e+02    -1.74094e-08     3.30978e+02     8.21122e+01     4.00000e+01
    41   3102.5000        6     4.00000e+02    -1.33817e+02    -1.94257e-08     3.26886e+02     9.61167e+01     4.00000e+01
    42   3285.0000        6     4.00000e+02    -1.49198e+02    -2.16584e-08     3.22518e+02     1.11640e+02     4.00000e+01
    43   3467.5000        5     4.00000e+02    -1.66350e+02    -2.41484e-08     3.17801e+02     1.28963e+02     4.00000e+01
    44   3650.0000        6     4.00000e+02    -1.85537e+02    -2.69337e-08     3.12685e+02     1.48340e+02     4.00000e+01
    45   3832.5000        6     4.00000e+02    -2.06879e+02    -3.00318e-08     3.07178e+02     1.69872e+02     4.00000e+01
    46   4015.0000        7     4.00000e+02    -2.30330e+02    -3.34361e-08     3.01336e+02     1.93495e+02     4.00000e+01
    47   4197.5000        6     4.00000e+02    -2.55809e+02    -3.71348e-08     2.95210e+02     2.19126e+02     4.00000e+01
    48   4380.0000        6     4.00000e+02    -2.83344e+02    -4.11319e-08     2.88805e+02     2.46807e+02     4.00000e+01
    49   4562.5000        6     4.00000e+02    -3.13079e+02    -4.54484e-08     2.82092e+02     2.76696e+02     4.00000e+01
    50   4745.0000        7     4.00000e+02    -3.45171e+02    -5.01071e-08     2.75040e+02     3.08949e+02     4.00000e+01
    51   4927.5000        7     4.00000e+02    -3.79809e+02    -5.51353e-08     2.67618e+02     3.43755e+02     4.00000e+01
    52   5110.0000        6     4.00000e+02    -4.17308e+02    -6.05788e-08     2.59758e+02     3.81443e+02     4.00000e+01
    53   5292.5000        6     4.00000e+02    -4.58039e+02    -6.64916e-08     2.51388e+02     4.22384e+02     4.00000e+01
    54   5475.0000        7     4.00000e+02    -5.02584e+02    -7.29580e-08     2.42387e+02     4.67175e+02     4.00000e+01
    55   5657.5000        7     4.00000e+02    -5.51689e+02    -8.00865e-08     2.32608e+02     5.16570e+02     4.00000e+01
    56   5840.0000        6     4.00000e+02    -6.06034e+02    -8.79755e-08     2.21937e+02     5.71239e+02     4.00000e+01
    57   6022.5000        7     4.00000e+02    -6.66071e+02    -9.66908e-08     2.10320e+02     6.31614e+02     4.00000e+01
    58   6205.0000        5     4.00000e+02    -7.24404e+02    -1.05159e-07     2.00000e+02     6.90247e+02     3.95055e+01
    59   6570.0000        5     4.00000e+02    -7.68366e+02    -1.11541e-07     2.00000e+02     7.36689e+02     3.44647e+01
    60   6935.0000        3     4.00000e+02    -8.07001e+02    -1.17149e-07     2.00000e+02     7.79156e+02     3.02914e+01
    61   7300.0000        3     4.00000e+02    -8.42501e+02    -1.22302e-07     2.00000e+02     8.17991e+02     2.67126e+01
    62   7665.0000        3     4.00000e+02    -8.75228e+02    -1.27053e-07     2.00000e+02     8.53596e+02     2.36309e+01
    63   8030.0000        2     4.00000e+02    -9.05307e+02    -1.31420e-07     2.00000e+02     8.86140e+02     2.09913e+01
    64   8395.0000        2     4.00000e+02    -9.32858e+02    -1.35419e-07     2.00000e+02     9.15792e+02     1.87398e+01
    65   8760.0000        2     4.00000e+02    -9.58065e+02    -1.39078e-07     2.00000e+02     9.42795e+02     1.68177e+01
    66   9125.0000        2     4.00000e+02    -9.81152e+02    -1.42430e-07     2.00000e+02     9.67422e+02     1.51693e+01
    67   9490.0000        2     4.00000e+02    -1.00234e+03    -1.45506e-07     2.00000e+02     9.89944e+02     1.37467e+01
    68   9855.0000        2     4.00000e+02    -1.02184e+03    -1.48337e-07     2.00000e+02     1.01060e+03     1.25107e+01
    69  10220.0000        2     4.00000e+02    -1.03984e+03    -1.50949e-07     2.00000e+02     1.02961e+03     1.14300e+01
    70  10585.0000        2     4.00000e+02    -1.05649e+03    -1.53366e-07     2.00000e+02     1.04716e+03     1.04796e+01
    71  10950.0000        3     4.00000e+02    -1.07193e+03    -1.55608e-07     2.00000e+02     1.06339e+03     9.63942e+00
