    TS         Day   Newton          W1:BHP             W1:WAT             W1:OIL          W2:BHP             W2:WAT             W2:OIL
     1      0.0010        2     4.00000e+02    -6.77268e+02    -9.83162e-08     2.40263e+02     2.70857e-07     4.00000e+01
     2      0.0030        2     4.00000e+02    -5.33221e+02    -7.74056e-08     2.38476e+02     6.05296e-07     4.00000e+01
     3      0.0070        2     4.00000e+02    -4.47749e+02    -6.49978e-08     2.36694e+02     9.38713e-07     4.00000e+01
     4      0.0150        2     4.00000e+02    -4.36422e+02    -6.33536e-08     2.35205e+02     1.21741e-06     4.00000e+01
     5      0.0310        2     4.00000e+02    -4.99988e+02    -7.25812e-08     2.34020e+02     1.43890e-06     4.00000e+01
     6      0.0630        3     4.00000e+02    -5.92328e+02    -8.59859e-08     2.33006e+02     1.62815e-06     4.00000e+01
     7      0.1270        3     4.00000e+02    -6.70901e+02    -9.73920e-08     2.32065e+02     1.80337e-06     4.00000e+01
     8      0.2550        3     4.00000e+02    -7.28470e+02    -1.05749e-07     2.31158e+02     1.97121e-06     4.00000e+01
     9      0.5110        4     4.00000e+02    -7.67883e+02    -1.11470e-07     2.30257e+02     2.13589e-06     4.00000e+01
    10      1.0230        4     4.00000e+02    -7.77847e+02    -1.12917e-07     2.29305e+02     2.30639e-06     4.00000e+01
    11      2.0470        5     4.00000e+02    -7.49901e+02    -1.08860e-07     2.28226e+02     2.49311e-06     4.00000e+01
    12      4.0950        6     4.00000e+02    -6.94004e+02    -1.00746e-07     2.27099e+02     2.67469e-06     4.00000e+01
    13      8.1910        8     4.00000e+02    -6.18454e+02    -8.97785e-08     2.27040e+02     2.63007e-06     4.00000e+01
    14     16.3830       10     4.00000e+02    -5.24100e+02    -7.60814e-08     2.32551e+02     1.49934e-06     4.00000e+01
    15     24.5750        6     4.00000e+02    -4.56310e+02    -6.62406e-08     2.41339e+02     0.00000e+00     4.00000e+01
    16     32.7670        5     4.00000e+02    -4.03552e+02    -5.85820e-08     2.51650e+02     0.00000e+00     4.00000e+01
    17     49.1510        8     4.00000e+02    -3.27466e+02    -4.75369e-08     2.72122e+02     0.00000e+00     4.00000e+01
    18     65.5350        5     4.00000e+02    -2.68315e+02    -3.89502e-08     2.90093e+02     0.00000e+00     4.00000e+01
    19     98.3030        8     4.00000e+02    -1.89727e+02    -2.75420e-08     3.15249e+02     0.00000e+00     4.00000e+01
    20    163.8390        9     4.00000e+02    -1.11119e+02    -1.61307e-08     3.40020e+02     0.00000e+00     4.00000e+01
    21    294.9110       10     4.00000e+02    -6.13308e+01    -8.90315e-09     3.55414e+02     0.00000e+00     4.00000e+01
    22    365.0000        3     4.00000e+02    -4.92536e+01    -7.14994e-09     3.59162e+02     0.00000e+00     4.00000e+01
    23    496.0720        8     4.00000e+02    -4.26441e+01    -6.19047e-09     3.61452e+02     0.00000e+00     4.00000e+01
    24    613.0360        6     4.00000e+02    -4.07951e+01    -5.92206e-09     3.62314e+02     0.00000e+00     4.00000e+01
    25    730.0000        6     4.00000e+02    -4.02248e+01    -5.83927e-09     3.62812e+02     0.00000e+00     4.00000e+01
    26    846.9640        6     4.00000e+02    -4.00465e+01    -5.81339e-09     3.63198e+02     0.00000e+00     4.00000e+01
    27    963.9280        8     4.00000e+02    -3.99833e+01    -5.80421e-09     3.63545e+02     0.00000e+00     4.00000e+01
    28   1029.4640        4     4.00000e+02    -3.99764e+01    -5.80322e-09     3.63748e+02     0.00000e+00     4.00000e+01
    29   1095.0000        5     4.00000e+02    -3.99686e+01    -5.80208e-09     3.63945e+02     0.00000e+00     4.00000e+01
    30   1160.5360       10     4.00000e+02    -3.99728e+01    -5.80268e-09     3.63862e+02     2.79657e-02     4.00000e+01
    31   1291.6080       10     4.00000e+02    -4.12848e+01    -5.99315e-09     3.61666e+02     1.88384e+00     4.00000e+01
    32   1460.0000        7     4.00000e+02    -4.53061e+01    -6.57690e-09     3.58470e+02     6.52585e+00     4.00000e+01
    33   1628.3920        6     4.00000e+02    -5.08613e+01    -7.38333e-09     3.55225e+02     1.24075e+01     4.00000e+01
    34   1825.0000        8     4.00000e+02    -5.83529e+01    -8.47085e-09     3.51554e+02     2.00381e+01     4.00000e+01
    35   2007.5000        6     4.00000e+02    -6.60487e+01    -9.58801e-09     3.48198e+02     2.78092e+01     4.00000e+01
    36   2190.0000        6     4.00000e+02    -7.44781e+01    -1.08117e-08     3.44804e+02     3.63155e+01     4.00000e+01
    37   2372.5000        6     4.00000e+02    -8.37685e+01    -1.21603e-08     3.41295e+02     4.57020e+01     4.00000e+01
    38   2555.0000        6     4.00000e+02    -9.39941e+01    -1.36447e-08     3.37649e+02     5.60288e+01     4.00000e+01
    39   2737.5000        6     4.00000e+02    -1.05221e+02    -1.52745e-08     3.33854e+02     6.73602e+01     4.00000e+01
    40   2920.0000        6     4.00000e+02    -1.17607e+02    -1.70726e-08     3.29850e+02     7.98698e+01     4.00000e+01
    41   3102.5000        5     4.00000e+02    -1.31434e+02    -1.90797e-08     3.25542e+02     9.38542e+01     4.00000e+01
    42   3285.0000        6     4.00000e+02    -1.46907e+02    -2.13259e-08     3.20890e+02     1.09504e+02     4.00000e+01
    43   3467.5000        6     4.00000e+02    -1.64109e+02    -2.38230e-08     3.15907e+02     1.26878e+02     4.00000e+01
    44   3650.0000        5     4.00000e+02    -1.83086e+02    -2.65779e-08     3.10611e+02     1.46023e+02     4.00000e+01
    45   3832.5000        6     4.00000e+02    -2.04034e+02    -2.96188e-08     3.04958e+02     1.67151e+02     4.00000e+01
    46   4015.0000        6     4.00000e+02    -2.27174e+02    -3.29779e-08     2.98905e+02     1.90487e+02     4.00000e+01
    47   4197.5000        7     4.00000e+02    -2.52636e+02    -3.66742e-08     2.92444e+02     2.16148e+02     4.00000e+01
    48   4380.0000        6     4.00000e+02    -2.80444e+02    -4.07108e-08     2.85601e+02     2.44144e+02     4.00000e+01
    49   4562.5000        6     4.00000e+02    -3.10580e+02    -4.50857e-08     2.78402e+02     2.74457e+02     4.00000e+01
    50   4745.0000        7     4.00000e+02    -3.43064e+02    -4.98012e-08     2.70858e+02     3.07109e+02     4.00000e+01
    51   4927.5000        6     4.00000e+02    -3.78108e+02    -5.48884e-08     2.62920e+02     3.42335e+02     4.00000e+01
    52   5110.0000        6     4.00000e+02    -4.16055e+02    -6.03971e-08     2.54508e+02     3.80487e+02     4.00000e+01
    53   5292.5000        6     4.00000e+02    -4.57281e+02    -6.63816e-08     2.45548e+02     4.21941e+02     4.00000e+01
    54   5475.0000        7     4.00000e+02    -5.02270e+02    -7.29126e-08     2.35938e+02     4.67188e+02     4.00000e+01
    55   5657.5000        6     4.00000e+02    -5.51698e+02    -8.00877e-08     2.25539e+02     5.16916e+02     4.00000e+01
    56   5840.0000        7     4.00000e+02    -6.06222e+02    -8.80028e-08     2.14230e+02     5.71777e+02     4.00000e+01
    57   6022.5000        6     4.00000e+02    -6.66355e+02    -9.67320e-08     2.01936e+02     6.32267e+02     4.00000e+01
    58   6205.0000        5     4.00000e+02    -6.95658e+02    -1.00986e-07     2.00000e+02     6.61587e+02     3.75548e+01
    59   6570.0000        6     4.00000e+02    -7.34332e+02    -1.06600e-07     2.00000e+02     7.04085e+02     3.28609e+01
    60   6935.0000        3     4.00000e+02    -7.68875e+02    -1.11615e-07     2.00000e+02     7.42199e+02     2.89867e+01
    61   7300.0000        3     4.00000e+02    -8.00370e+02    -1.16186e-07     2.00000e+02     7.76751e+02     2.56968e+01
    62   7665.0000        3     4.00000e+02    -8.29341e+02    -1.20392e-07     2.00000e+02     8.08374e+02     2.28560e+01
    63   8030.0000        2     4.00000e+02    -8.56042e+02    -1.24268e-07     2.00000e+02     8.37375e+02     2.03950e+01
    64   8395.0000        2     4.00000e+02    -8.80609e+02    -1.27834e-07     2.00000e+02     8.63930e+02     1.82687e+01
    65   8760.0000        2     4.00000e+02    -9.03174e+02    -1.31110e-07     2.00000e+02     8.88211e+02     1.64348e+01
    66   9125.0000        2     4.00000e+02    -9.23894e+02    -1.34118e-07     2.00000e+02     9.10414e+02     1.48509e+01
    67   9490.0000        2     4.00000e+02    -9.42941e+02    -1.36883e-07     2.00000e+02     9.30747e+02     1.34781e+01
    68   9855.0000        2     4.00000e+02    -9.60482e+02    -1.39429e-07     2.00000e+02     9.49410e+02     1.22823e+01
    69  10220.0000        2     4.00000e+02    -9.76673e+02    -1.41780e-07     2.00000e+02     9.66584e+02     1.12352e+01
    70  10585.0000        2     4.00000e+02    -9.91652e+02    -1.43954e-07     2.00000e+02     9.82431e+02     1.03135e+01
    71  10950.0000        2     4.00000e+02    -1.00554e+03    -1.45971e-07     2.00000e+02     9.97091e+02     9.49814e+00
