    TS         Day   Newton          W1:BHP             W1:WAT             W1:OIL          W2:BHP             W2:WAT             W2:OIL
     1      0.0010        2     4.00000e+02    -6.51987e+02    -9.46463e-08     2.43981e+02     2.58228e-07     4.00000e+01
     2      0.0030        2     4.00000e+02    -5.21350e+02    -7.56823e-08     2.42538e+02     5.28313e-07     4.00000e+01
     3      0.0070        2     4.00000e+02    -4.46282e+02    -6.47850e-08     2.41265e+02     7.66512e-07     4.00000e+01
     4      0.0150        2     4.00000e+02    -4.44931e+02    -6.45888e-08     2.40191e+02     9.67477e-07     4.00000e+01
     5      0.0310        2     4.00000e+02    -5.24717e+02    -7.61710e-08     2.39226e+02     1.14785e-06     4.00000e+01
     6      0.0630        3     4.00000e+02    -6.43998e+02    -9.34865e-08     2.38304e+02     1.32008e-06     4.00000e+01
     7      0.1270        3     4.00000e+02    -7.50242e+02    -1.08910e-07     2.37393e+02     1.48984e-06     4.00000e+01
     8      0.2550        4     4.00000e+02    -8.24113e+02    -1.19633e-07     2.36479e+02     1.65943e-06     4.00000e+01
     9      0.5110        4     4.00000e+02    -8.61019e+02    -1.24991e-07     2.35548e+02     1.83082e-06     4.00000e+01
    10      1.0230        4     4.00000e+02    -8.56958e+02    -1.24401e-07     2.34554e+02     2.01118e-06     4.00000e+01
    11      2.0470        5     4.00000e+02    -8.17197e+02    -1.18629e-07     2.33427e+02     2.21097e-06     4.00000e+01
    12      4.0950        6     4.00000e+02    -7.50794e+02    -1.08990e-07     2.32267e+02     2.40631e-06     4.00000e+01
    13      8.1910        8     4.00000e+02    -6.64329e+02    -9.64379e-08     2.32347e+02     2.35069e-06     4.00000e+01
    14     16.3830       10     4.00000e+02    -5.54196e+02    -8.04504e-08     2.38559e+02     1.11607e-06     4.00000e+01
    15     24.5750        6     4.00000e+02    -4.74579e+02    -6.88927e-08     2.48151e+02     0.00000e+00     4.00000e+01
    16     40.9590       10     4.00000e+02    -3.71071e+02    -5.38669e-08     2.69891e+02     0.00000e+00     4.00000e+01
    17     57.3430        6     4.00000e+02    -2.96342e+02    -4.30187e-08     2.89699e+02     0.00000e+00     4.00000e+01
    18     90.1110       10     4.00000e+02    -2.03546e+02    -2.95479e-08     3.17550e+02     0.00000e+00     4.00000e+01
    19    155.6470       10     4.00000e+02    -1.15265e+02    -1.67326e-08     3.44432e+02     0.00000e+00     4.00000e+01
    20    286.7190       10     4.00000e+02    -6.17537e+01    -8.96453e-09     3.60572e+02     0.00000e+00     4.00000e+01
    21    365.0000        3     4.00000e+02    -4.85905e+01    -7.05369e-09     3.64583e+02     0.00000e+00     4.00000e+01
    22    496.0720        8     4.00000e+02    -4.23685e+01    -6.15046e-09     3.66717e+02     0.00000e+00     4.00000e+01
    23    613.0360        6     4.00000e+02    -4.06899e+01    -5.90679e-09     3.67513e+02     0.00000e+00     4.00000e+01
    24    730.0000        6     4.00000e+02    -4.01907e+01    -5.83432e-09     3.67980e+02     0.00000e+00     4.00000e+01
    25    846.9640        6     4.00000e+02    -4.00404e+01    -5.81249e-09     3.68351e+02     0.00000e+00     4.00000e+01
    26    963.9280        8     4.00000e+02    -3.99917e+01    -5.80544e-09     3.68689e+02     0.00000e+00     4.00000e+01
    27   1029.4640        4     4.00000e+02    -3.99924e+01    -5.80554e-09     3.68891e+02     0.00000e+00     4.00000e+01
    28   1095.0000        8     4.00000e+02    -3.99972e+01    -5.80623e-09     3.68961e+02     1.62420e-02     4.00000e+01
    29   1226.0720       10     4.00000e+02    -4.09021e+01    -5.93759e-09     3.67790e+02     1.30095e+00     4.00000e+01
    30   1343.0360        5     4.00000e+02    -4.30609e+01    -6.25098e-09     3.66233e+02     3.96932e+00     4.00000e+01
    31   1460.0000        5     4.00000e+02    -4.63552e+01    -6.72920e-09     3.64391e+02     7.64449e+00     4.00000e+01
    32   1576.9640        5     4.00000e+02    -5.04614e+01    -7.32528e-09     3.62419e+02     1.19885e+01     4.00000e+01
    33   1693.9280        5     4.00000e+02    -5.50154e+01    -7.98636e-09     3.60470e+02     1.66384e+01     4.00000e+01
    34   1825.0000        5     4.00000e+02    -6.03797e+01    -8.76507e-09     3.58384e+02     2.20261e+01     4.00000e+01
    35   1956.0720        5     4.00000e+02    -6.60291e+01    -9.58518e-09     3.56345e+02     2.77011e+01     4.00000e+01
    36   2073.0360        4     4.00000e+02    -7.13830e+01    -1.03624e-08     3.54512e+02     3.30971e+01     4.00000e+01
    37   2190.0000        5     4.00000e+02    -7.70650e+01    -1.11872e-08     3.52641e+02     3.88300e+01     4.00000e+01
    38   2306.9640        5     4.00000e+02    -8.30944e+01    -1.20625e-08     3.50733e+02     4.49134e+01     4.00000e+01
    39   2423.9280        5     4.00000e+02    -8.94923e+01    -1.29912e-08     3.48781e+02     5.13673e+01     4.00000e+01
    40   2555.0000        5     4.00000e+02    -9.71659e+01    -1.41052e-08     3.46507e+02     5.91170e+01     4.00000e+01
    41   2686.0720        5     4.00000e+02    -1.05483e+02    -1.53125e-08     3.44107e+02     6.75315e+01     4.00000e+01
    42   2803.0360        4     4.00000e+02    -1.13535e+02    -1.64814e-08     3.41837e+02     7.56875e+01     4.00000e+01
    43   2920.0000        5     4.00000e+02    -1.22189e+02    -1.77377e-08     3.39459e+02     8.44392e+01     4.00000e+01
    44   3036.9640        5     4.00000e+02    -1.31398e+02    -1.90745e-08     3.37005e+02     9.37284e+01     4.00000e+01
    45   3270.8920       10     4.00000e+02    -1.51291e+02    -2.19623e-08     3.31919e+02     1.13746e+02     4.00000e+01
    46   3285.0000        2     4.00000e+02    -1.52570e+02    -2.21480e-08     3.31599e+02     1.15060e+02     4.00000e+01
    47   3467.5000        5     4.00000e+02    -1.70120e+02    -2.46956e-08     3.27302e+02     1.32747e+02     4.00000e+01
    48   3650.0000        6     4.00000e+02    -1.89510e+02    -2.75104e-08     3.22705e+02     1.52301e+02     4.00000e+01
    49   3832.5000        6     4.00000e+02    -2.10864e+02    -3.06102e-08     3.17802e+02     1.73821e+02     4.00000e+01
    50   4015.0000        6     4.00000e+02    -2.34290e+02    -3.40109e-08     3.12588e+02     1.97415e+02     4.00000e+01
    51   4197.5000        7     4.00000e+02    -2.59977e+02    -3.77399e-08     3.07032e+02     2.23279e+02     4.00000e+01
    52   4380.0000        6     4.00000e+02    -2.88119e+02    -4.18251e-08     3.01103e+02     2.51607e+02     4.00000e+01
    53   4562.5000        6     4.00000e+02    -3.18813e+02    -4.62808e-08     2.94801e+02     2.82485e+02     4.00000e+01
    54   4745.0000        6     4.00000e+02    -3.52122e+02    -5.11161e-08     2.88133e+02     3.15973e+02     4.00000e+01
    55   4927.5000        6     4.00000e+02    -3.88177e+02    -5.63501e-08     2.81085e+02     3.52210e+02     4.00000e+01
    56   5110.0000        8     4.00000e+02    -4.27215e+02    -6.20170e-08     2.73617e+02     3.91439e+02     4.00000e+01
    57   5292.5000        7     4.00000e+02    -4.69758e+02    -6.81929e-08     2.65624e+02     4.34209e+02     4.00000e+01
    58   5475.0000        7     4.00000e+02    -5.16520e+02    -7.49810e-08     2.56972e+02     4.81243e+02     4.00000e+01
    59   5657.5000        7     4.00000e+02    -5.68315e+02    -8.25000e-08     2.47515e+02     5.33358e+02     4.00000e+01
    60   5840.0000        6     4.00000e+02    -6.25944e+02    -9.08658e-08     2.37127e+02     5.91348e+02     4.00000e+01
    61   6022.5000        5     4.00000e+02    -6.89950e+02    -1.00157e-07     2.25747e+02     6.55734e+02     4.00000e+01
    62   6205.0000        5     4.00000e+02    -7.60699e+02    -1.10428e-07     2.13351e+02     7.26869e+02     4.00000e+01
    63   6570.0000        6     4.00000e+02    -8.62100e+02    -1.25148e-07     2.00000e+02     8.29811e+02     3.70337e+01
    64   6935.0000        3     4.00000e+02    -9.06871e+02    -1.31647e-07     2.00000e+02     8.77754e+02     3.18469e+01
    65   7300.0000        3     4.00000e+02    -9.46117e+02    -1.37344e-07     2.00000e+02     9.20911e+02     2.76001e+01
    66   7665.0000        3     4.00000e+02    -9.81377e+02    -1.42462e-07     2.00000e+02     9.59447e+02     2.40710e+01
    67   8030.0000        3     4.00000e+02    -1.01308e+03    -1.47064e-07     2.00000e+02     9.93875e+02     2.11355e+01
    68   8395.0000        3     4.00000e+02    -1.04159e+03    -1.51204e-07     2.00000e+02     1.02467e+03     1.86872e+01
    69   8760.0000        2     4.00000e+02    -1.06731e+03    -1.54937e-07     2.00000e+02     1.05230e+03     1.66325e+01
    70   9125.0000        3     4.00000e+02    -1.09057e+03    -1.58314e-07     2.00000e+02     1.07719e+03     1.48940e+01
    71   9490.0000        2     4.00000e+02    -1.11170e+03    -1.61380e-07     2.00000e+02     1.09970e+03     1.34106e+01
    72   9855.0000        2     4.00000e+02    -1.13095e+03    -1.64176e-07     2.00000e+02     1.12015e+03     1.21344e+01
    73  10220.0000        2     4.00000e+02    -1.14857e+03    -1.66733e-07     2.00000e+02     1.13881e+03     1.10285e+01
    74  10585.0000        2     4.00000e+02    -1.16474e+03    -1.69081e-07     2.00000e+02     1.15589e+03     1.00638e+01
    75  10950.0000        2     4.00000e+02    -1.17963e+03    -1.71242e-07     2.00000e+02     1.17157e+03     9.21725e+00
