    TS         Day   Newton          W1:BHP             W1:WAT             W1:OIL          W2:BHP             W2:WAT             W2:OIL
     1      0.0010        2     4.00000e+02    -5.79060e+02    -8.40597e-08     2.43611e+02     2.54456e-07     4.00000e+01
     2      0.0030        2     4.00000e+02    -4.59303e+02    -6.66751e-08     2.42085e+02     5.40073e-07     4.00000e+01
     3      0.0070        2     4.00000e+02    -4.21286e+02    -6.11564e-08     2.40668e+02     8.05249e-07     4.00000e+01
     4      0.0150        2     4.00000e+02    -4.75294e+02    -6.89964e-08     2.39485e+02     1.02652e-06     4.00000e+01
     5      0.0310        2     4.00000e+02    -5.98401e+02    -8.68675e-08     2.38486e+02     1.21339e-06     4.00000e+01
     6      0.0630        3     4.00000e+02    -7.14493e+02    -1.03720e-07     2.37586e+02     1.38140e-06     4.00000e+01
     7      0.1270        3     4.00000e+02    -7.93383e+02    -1.15172e-07     2.36734e+02     1.54014e-06     4.00000e+01
     8      0.2550        4     4.00000e+02    -8.36350e+02    -1.21410e-07     2.35896e+02     1.69554e-06     4.00000e+01
     9      0.5110        4     4.00000e+02    -8.48006e+02    -1.23102e-07     2.35037e+02     1.85326e-06     4.00000e+01
    10      1.0230        4     4.00000e+02    -8.26487e+02    -1.19978e-07     2.34103e+02     2.02225e-06     4.00000e+01
    11      2.0470        5     4.00000e+02    -7.72196e+02    -1.12097e-07     2.33029e+02     2.21185e-06     4.00000e+01
    12      4.0950        6     4.00000e+02    -6.97555e+02    -1.01261e-07     2.31884e+02     2.40394e-06     4.00000e+01
    13      8.1910        8     4.00000e+02    -6.12545e+02    -8.89206e-08     2.31663e+02     2.40329e-06     4.00000e+01
    14     16.3830       10     4.00000e+02    -5.14919e+02    -7.47486e-08     2.36537e+02     1.41585e-06     4.00000e+01
    15     24.5750        5     4.00000e+02    -4.46959e+02    -6.48832e-08     2.44594e+02     0.00000e+00     4.00000e+01
    16     32.7670        5     4.00000e+02    -3.95394e+02    -5.73977e-08     2.54212e+02     0.00000e+00     4.00000e+01
    17     49.1510        9     4.00000e+02    -3.22927e+02    -4.68779e-08     2.73732e+02     0.00000e+00     4.00000e+01
    18     65.5350        5     4.00000e+02    -2.67165e+02    -3.87833e-08     2.91177e+02     0.00000e+00     4.00000e+01
    19     98.3030        9     4.00000e+02    -1.92321e+02    -2.79185e-08     3.16257e+02     0.00000e+00     4.00000e+01
    20    163.8390       10     4.00000e+02    -1.15022e+02    -1.66973e-08     3.41905e+02     0.00000e+00     4.00000e+01
    21    229.3750        5     4.00000e+02    -7.60291e+01    -1.10368e-08     3.54529e+02     0.00000e+00     4.00000e+01
    22    360.4470        9     4.00000e+02    -5.11311e+01    -7.42250e-09     3.62668e+02     0.00000e+00     4.00000e+01
    23    365.0000        1     4.00000e+02    -5.02840e+01    -7.29952e-09     3.62931e+02     0.00000e+00     4.00000e+01
    24    496.0720        7     4.00000e+02    -4.31218e+01    -6.25982e-09     3.65503e+02     0.00000e+00     4.00000e+01
    25    613.0360        5     4.00000e+02    -4.10315e+01    -5.95638e-09     3.66484e+02     0.00000e+00     4.00000e+01
    26    730.0000        6     4.00000e+02    -4.03545e+01    -5.85810e-09     3.67038e+02     0.00000e+00     4.00000e+01
    27    846.9640        6     4.00000e+02    -4.01317e+01    -5.82575e-09     3.67453e+02     0.00000e+00     4.00000e+01
    28    963.9280        7     4.00000e+02    -4.00515e+01    -5.81411e-09     3.67820e+02     0.00000e+00     4.00000e+01
    29   1029.4640        4     4.00000e+02    -4.00387e+01    -5.81225e-09     3.68032e+02     0.00000e+00     4.00000e+01
    30   1095.0000        5     4.00000e+02    -4.00277e+01    -5.81066e-09     3.68241e+02     0.00000e+00     4.00000e+01
    31   1160.5360        6     4.00000e+02    -4.00161e+01    -5.80898e-09     3.68440e+02     0.00000e+00     4.00000e+01
    32   1226.0720        9     4.00000e+02    -4.00230e+01    -5.80997e-09     3.68428e+02     3.45368e-02     4.00000e+01
    33   1357.1440       10     4.00000e+02    -4.14565e+01    -6.01807e-09     3.66644e+02     2.07391e+00     4.00000e+01
    34   1460.0000        4     4.00000e+02    -4.40581e+01    -6.39573e-09     3.64778e+02     5.34459e+00     4.00000e+01
    35   1591.0720        6     4.00000e+02    -4.83876e+01    -7.02423e-09     3.62454e+02     9.97021e+00     4.00000e+01
    36   1708.0360        5     4.00000e+02    -5.26595e+01    -7.64436e-09     3.60495e+02     1.43251e+01     4.00000e+01
    37   1825.0000        5     4.00000e+02    -5.72207e+01    -8.30649e-09     3.58568e+02     1.89362e+01     4.00000e+01
    38   1941.9640        5     4.00000e+02    -6.21645e+01    -9.02417e-09     3.56582e+02     2.39646e+01     4.00000e+01
    39   2058.9280        5     4.00000e+02    -6.74716e+01    -9.79458e-09     3.54559e+02     2.93423e+01     4.00000e+01
    40   2190.0000        5     4.00000e+02    -7.36644e+01    -1.06936e-08     3.52347e+02     3.55524e+01     4.00000e+01
    41   2321.0720        5     4.00000e+02    -8.00510e+01    -1.16207e-08     3.50208e+02     4.19350e+01     4.00000e+01
    42   2555.0000       10     4.00000e+02    -9.19547e+01    -1.33487e-08     3.46449e+02     5.38680e+01     4.00000e+01
    43   2737.5000        5     4.00000e+02    -1.02347e+02    -1.48574e-08     3.43324e+02     6.43736e+01     4.00000e+01
    44   2920.0000        6     4.00000e+02    -1.13939e+02    -1.65401e-08     3.39953e+02     7.61058e+01     4.00000e+01
    45   3102.5000        6     4.00000e+02    -1.26896e+02    -1.84210e-08     3.36307e+02     8.92190e+01     4.00000e+01
    46   3285.0000        6     4.00000e+02    -1.41261e+02    -2.05062e-08     3.32410e+02     1.03732e+02     4.00000e+01
    47   3467.5000        7     4.00000e+02    -1.57006e+02    -2.27919e-08     3.28302e+02     1.19611e+02     4.00000e+01
    48   3650.0000        6     4.00000e+02    -1.74176e+02    -2.52844e-08     3.23983e+02     1.36910e+02     4.00000e+01
    49   3832.5000        6     4.00000e+02    -1.92910e+02    -2.80040e-08     3.19422e+02     1.55785e+02     4.00000e+01
    50   4015.0000        6     4.00000e+02    -2.13473e+02    -3.09890e-08     3.14552e+02     1.76514e+02     4.00000e+01
    51   4197.5000        6     4.00000e+02    -2.36074e+02    -3.42699e-08     3.09338e+02     1.99296e+02     4.00000e+01
    52   4380.0000        6     4.00000e+02    -2.60916e+02    -3.78762e-08     3.03749e+02     2.24331e+02     4.00000e+01
    53   4562.5000        6     4.00000e+02    -2.88226e+02    -4.18406e-08     2.97748e+02     2.51846e+02     4.00000e+01
    54   4745.0000        5     4.00000e+02    -3.18099e+02    -4.61772e-08     2.91339e+02     2.81922e+02     4.00000e+01
    55   4927.5000        6     4.00000e+02    -3.50551e+02    -5.08881e-08     2.84548e+02     3.14566e+02     4.00000e+01
    56   5110.0000        7     4.00000e+02    -3.85769e+02    -5.60004e-08     2.77341e+02     3.49983e+02     4.00000e+01
    57   5292.5000        6     4.00000e+02    -4.24132e+02    -6.15696e-08     2.69641e+02     3.88571e+02     4.00000e+01
    58   5475.0000        7     4.00000e+02    -4.66100e+02    -6.76618e-08     2.61361e+02     4.30792e+02     4.00000e+01
    59   5657.5000        6     4.00000e+02    -5.12139e+02    -7.43452e-08     2.52421e+02     4.77112e+02     4.00000e+01
    60   5840.0000        7     4.00000e+02    -5.62737e+02    -8.16902e-08     2.42746e+02     5.28015e+02     4.00000e+01
    61   6022.5000        7     4.00000e+02    -6.18404e+02    -8.97711e-08     2.32257e+02     5.84011e+02     4.00000e+01
    62   6205.0000        6     4.00000e+02    -6.79478e+02    -9.86370e-08     2.20920e+02     6.45423e+02     4.00000e+01
    63   6570.0000        7     4.00000e+02    -8.01607e+02    -1.16366e-07     2.00000e+02     7.68469e+02     3.90546e+01
    64   6935.0000        4     4.00000e+02    -8.45276e+02    -1.22705e-07     2.00000e+02     8.14402e+02     3.36950e+01
    65   7300.0000        3     4.00000e+02    -8.83082e+02    -1.28193e-07     2.00000e+02     8.56226e+02     2.93101e+01
    66   7665.0000        3     4.00000e+02    -9.17212e+02    -1.33148e-07     2.00000e+02     8.93779e+02     2.56276e+01
    67   8030.0000        3     4.00000e+02    -9.48069e+02    -1.37627e-07     2.00000e+02     9.27516e+02     2.25322e+01
    68   8395.0000        3     4.00000e+02    -9.75946e+02    -1.41674e-07     2.00000e+02     9.57814e+02     1.99325e+01
    69   8760.0000        2     4.00000e+02    -1.00114e+03    -1.45332e-07     2.00000e+02     9.85052e+02     1.77436e+01
    70   9125.0000        2     4.00000e+02    -1.02397e+03    -1.48645e-07     2.00000e+02     1.00961e+03     1.58902e+01
    71   9490.0000        2     4.00000e+02    -1.04471e+03    -1.51656e-07     2.00000e+02     1.03182e+03     1.43091e+01
    72   9855.0000        2     4.00000e+02    -1.06362e+03    -1.54401e-07     2.00000e+02     1.05201e+03     1.29500e+01
    73  10220.0000        3     4.00000e+02    -1.08091e+03    -1.56912e-07     2.00000e+02     1.07041e+03     1.17731e+01
    74  10585.0000        2     4.00000e+02    -1.09680e+03    -1.59217e-07     2.00000e+02     1.08725e+03     1.07470e+01
    75  10950.0000        2     4.00000e+02    -1.11142e+03    -1.61340e-07     2.00000e+02     1.10272e+03     9.84706e+00
