    TS         Day   Newton          W1:BHP             W1:WAT             W1:OIL          W2:BHP             W2:WAT             W2:OIL
     1      0.0010        2     4.00000e+02    -6.32915e+02    -9.18776e-08     2.41222e+02     2.65537e-07     4.00000e+01
     2      0.0030        2     4.00000e+02    -5.11912e+02    -7.43122e-08     2.39469e+02     5.93632e-07     4.00000e+01
     3      0.0070        2     4.00000e+02    -4.27032e+02    -6.19905e-08     2.37684e+02     9.27619e-07     4.00000e+01
     4      0.0150        2     4.00000e+02    -3.99117e+02    -5.79382e-08     2.36107e+02     1.22258e-06     4.00000e+01
     5      0.0310        2     4.00000e+02    -4.43126e+02    -6.43267e-08     2.34769e+02     1.47288e-06     4.00000e+01
     6      0.0630        3     4.00000e+02    -5.42462e+02    -7.87470e-08     2.33597e+02     1.69174e-06     4.00000e+01
     7      0.1270        3     4.00000e+02    -6.51384e+02    -9.45587e-08     2.32524e+02     1.89155e-06     4.00000e+01
     8      0.2550        3     4.00000e+02    -7.43435e+02    -1.07921e-07     2.31503e+02     2.08089e-06     4.00000e+01
     9      0.5110        4     4.00000e+02    -8.02854e+02    -1.16547e-07     2.30490e+02     2.26675e-06     4.00000e+01
    10      1.0230        4     4.00000e+02    -8.20248e+02    -1.19072e-07     2.29422e+02     2.45932e-06     4.00000e+01
    11      2.0470        5     4.00000e+02    -7.93754e+02    -1.15226e-07     2.28215e+02     2.67094e-06     4.00000e+01
    12      4.0950        6     4.00000e+02    -7.31127e+02    -1.06135e-07     2.26914e+02     2.88657e-06     4.00000e+01
    13      8.1910        7     4.00000e+02    -6.47111e+02    -9.39385e-08     2.26502e+02     2.91104e-06     4.00000e+01
    14     16.3830       10     4.00000e+02    -5.43167e+02    -7.88493e-08     2.31234e+02     1.93093e-06     4.00000e+01
    15     24.5750        6     4.00000e+02    -4.68359e+02    -6.79897e-08     2.39328e+02     3.69557e-07     4.00000e+01
    16     32.7670        5     4.00000e+02    -4.10918e+02    -5.96513e-08     2.49100e+02     0.00000e+00     4.00000e+01
    17     49.1510        9     4.00000e+02    -3.31057e+02    -4.80582e-08     2.69019e+02     0.00000e+00     4.00000e+01
    18     65.5350        5     4.00000e+02    -2.70612e+02    -3.92836e-08     2.86773e+02     0.00000e+00     4.00000e+01
    19     98.3030        9     4.00000e+02    -1.91950e+02    -2.78646e-08     3.12045e+02     0.00000e+00     4.00000e+01
    20    163.8390       10     4.00000e+02    -1.13272e+02    -1.64433e-08     3.37459e+02     0.00000e+00     4.00000e+01
    21    229.3750        5     4.00000e+02    -7.45295e+01    -1.08191e-08     3.49769e+02     0.00000e+00     4.00000e+01
    22    360.4470       10     4.00000e+02    -5.03799e+01    -7.31345e-09     3.57553e+02     0.00000e+00     4.00000e+01
    23    365.0000        1     4.00000e+02    -4.95625e+01    -7.19479e-09     3.57804e+02     0.00000e+00     4.00000e+01
    24    496.0720        7     4.00000e+02    -4.27685e+01    -6.20852e-09     3.60214e+02     0.00000e+00     4.00000e+01
    25    613.0360        6     4.00000e+02    -4.08225e+01    -5.92604e-09     3.61122e+02     0.00000e+00     4.00000e+01
    26    730.0000        6     4.00000e+02    -4.02064e+01    -5.83660e-09     3.61636e+02     0.00000e+00     4.00000e+01
    27    846.9640        6     4.00000e+02    -4.00095e+01    -5.80802e-09     3.62026e+02     0.00000e+00     4.00000e+01
    28    963.9280        7     4.00000e+02    -3.99439e+01    -5.79850e-09     3.62378e+02     0.00000e+00     4.00000e+01
    29   1029.4640        4     4.00000e+02    -3.99385e+01    -5.79770e-09     3.62585e+02     0.00000e+00     4.00000e+01
    30   1095.0000        5     4.00000e+02    -3.99327e+01    -5.79686e-09     3.62790e+02     0.00000e+00     4.00000e+01
    31   1160.5360        8     4.00000e+02    -3.99258e+01    -5.79587e-09     3.62974e+02     3.30483e-05     4.00000e+01
    32   1226.0720        6     4.00000e+02    -4.00072e+01    -5.80769e-09     3.62546e+02     1.70224e-01     4.00000e+01
    33   1291.6080        5     4.00000e+02    -4.04963e+01    -5.87869e-09     3.61585e+02     1.00776e+00     4.00000e+01
    34   1422.6800        7     4.00000e+02    -4.32236e+01    -6.27459e-09     3.58864e+02     4.40720e+00     4.00000e+01
    35   1460.0000        2     4.00000e+02    -4.43374e+01    -6.43628e-09     3.57922e+02     5.91459e+00     4.00000e+01
    36   1591.0720        6     4.00000e+02    -4.90006e+01    -7.11322e-09     3.55021e+02     1.07936e+01     4.00000e+01
    37   1708.0360        5     4.00000e+02    -5.32936e+01    -7.73642e-09     3.52774e+02     1.50589e+01     4.00000e+01
    38   1825.0000        5     4.00000e+02    -5.75577e+01    -8.35541e-09     3.50765e+02     1.92582e+01     4.00000e+01
    39   2058.9280       10     4.00000e+02    -6.64156e+01    -9.64127e-09     3.46862e+02     2.81457e+01     4.00000e+01
    40   2190.0000        4     4.00000e+02    -7.21790e+01    -1.04779e-08     3.44460e+02     3.40581e+01     4.00000e+01
    41   2372.5000        7     4.00000e+02    -8.12106e+01    -1.17890e-08     3.40858e+02     4.32532e+01     4.00000e+01
    42   2555.0000        7     4.00000e+02    -9.13400e+01    -1.32595e-08     3.37043e+02     5.35266e+01     4.00000e+01
    43   2737.5000        6     4.00000e+02    -1.02443e+02    -1.48712e-08     3.33101e+02     6.47376e+01     4.00000e+01
    44   2920.0000        7     4.00000e+02    -1.14409e+02    -1.66083e-08     3.29093e+02     7.67846e+01     4.00000e+01
    45   3102.5000        6     4.00000e+02    -1.27283e+02    -1.84772e-08     3.24993e+02     8.97432e+01     4.00000e+01
    46   3285.0000        6     4.00000e+02    -1.41251e+02    -2.05048e-08     3.20723e+02     1.03821e+02     4.00000e+01
    47   3467.5000        7     4.00000e+02    -1.56551e+02    -2.27259e-08     3.16203e+02     1.19261e+02     4.00000e+01
    48   3650.0000        6     4.00000e+02    -1.73419e+02    -2.51745e-08     3.11368e+02     1.36294e+02     4.00000e+01
    49   3832.5000        7     4.00000e+02    -1.92050e+02    -2.78792e-08     3.06178e+02     1.55106e+02     4.00000e+01
    50   4015.0000        6     4.00000e+02    -2.12677e+02    -3.08735e-08     3.00582e+02     1.75933e+02     4.00000e+01
    51   4197.5000        7     4.00000e+02    -2.35345e+02    -3.41641e-08     2.94606e+02     1.98794e+02     4.00000e+01
    52   4380.0000        7     4.00000e+02    -2.60049e+02    -3.77503e-08     2.88284e+02     2.23678e+02     4.00000e+01
    53   4562.5000        7     4.00000e+02    -2.86864e+02    -4.16429e-08     2.81613e+02     2.50673e+02     4.00000e+01
    54   4745.0000        8     4.00000e+02    -3.15854e+02    -4.58512e-08     2.74595e+02     2.79840e+02     4.00000e+01
    55   4927.5000        7     4.00000e+02    -3.47175e+02    -5.03980e-08     2.67201e+02     3.11346e+02     4.00000e+01
    56   5110.0000        8     4.00000e+02    -3.81094e+02    -5.53218e-08     2.59370e+02     3.45468e+02     4.00000e+01
    57   5292.5000        6     4.00000e+02    -4.17860e+02    -6.06590e-08     2.51052e+02     3.82452e+02     4.00000e+01
    58   5475.0000        6     4.00000e+02    -4.57761e+02    -6.64513e-08     2.42195e+02     4.22589e+02     4.00000e+01
    59   5657.5000        5     4.00000e+02    -5.01242e+02    -7.27632e-08     2.32703e+02     4.66333e+02     4.00000e+01
    60   5840.0000        6     4.00000e+02    -5.48830e+02    -7.96715e-08     2.22469e+02     5.14219e+02     4.00000e+01
    61   6022.5000        7     4.00000e+02    -6.01125e+02    -8.72628e-08     2.11379e+02     5.66846e+02     4.00000e+01
    62   6205.0000        6     4.00000e+02    -6.56675e+02    -9.53268e-08     2.00000e+02     6.22743e+02     3.98462e+01
    63   6570.0000       10     4.00000e+02    -6.96640e+02    -1.01128e-07     2.00000e+02     6.64755e+02     3.48192e+01
    64   6935.0000        4     4.00000e+02    -7.31178e+02    -1.06142e-07     2.00000e+02     7.02994e+02     3.07360e+01
    65   7300.0000        3     4.00000e+02    -7.62551e+02    -1.10696e-07     2.00000e+02     7.37537e+02     2.72995e+01
    66   7665.0000        3     4.00000e+02    -7.91304e+02    -1.14870e-07     2.00000e+02     7.69016e+02     2.43580e+01
    67   8030.0000        3     4.00000e+02    -8.17790e+02    -1.18715e-07     2.00000e+02     7.97866e+02     2.18143e+01
    68   8395.0000        2     4.00000e+02    -8.42219e+02    -1.22262e-07     2.00000e+02     8.24349e+02     1.96080e+01
    69   8760.0000        2     4.00000e+02    -8.64744e+02    -1.25531e-07     2.00000e+02     8.48657e+02     1.76941e+01
    70   9125.0000        2     4.00000e+02    -8.85510e+02    -1.28546e-07     2.00000e+02     8.70971e+02     1.60323e+01
    71   9490.0000        2     4.00000e+02    -9.04669e+02    -1.31327e-07     2.00000e+02     8.91481e+02     1.45851e+01
    72   9855.0000        2     4.00000e+02    -9.22375e+02    -1.33897e-07     2.00000e+02     9.10370e+02     1.33190e+01
    73  10220.0000        2     4.00000e+02    -9.38771e+02    -1.36278e-07     2.00000e+02     9.27807e+02     1.22061e+01
    74  10585.0000        2     4.00000e+02    -9.53987e+02    -1.38486e-07     2.00000e+02     9.43944e+02     1.12228e+01
    75  10950.0000        2     4.00000e+02    -9.68137e+02    -1.40541e-07     2.00000e+02     9.58913e+02     1.03502e+01
