    TS         Day   Newton          W1:BHP             W1:WAT             W1:OIL          W2:BHP             W2:WAT             W2:OIL
     1      0.0010        2     4.00000e+02    -7.81071e+02    -1.13385e-07     2.41062e+02     2.80116e-07     4.00000e+01
     2      0.0030        2     4.00000e+02    -6.06054e+02    -8.79783e-08     2.39280e+02     6.13608e-07     4.00000e+01
     3      0.0070        2     4.00000e+02    -5.39578e+02    -7.83283e-08     2.37560e+02     9.35529e-07     4.00000e+01
     4      0.0150        2     4.00000e+02    -5.84290e+02    -8.48190e-08     2.36139e+02     1.20133e-06     4.00000e+01
     5      0.0310        2     4.00000e+02    -7.01488e+02    -1.01832e-07     2.34998e+02     1.41471e-06     4.00000e+01
     6      0.0630        3     4.00000e+02    -8.15834e+02    -1.18431e-07     2.34006e+02     1.59982e-06     4.00000e+01
     7      0.1270        3     4.00000e+02    -8.95504e+02    -1.29997e-07     2.33071e+02     1.77377e-06     4.00000e+01
     8      0.2550        4     4.00000e+02    -9.41900e+02    -1.36732e-07     2.32154e+02     1.94355e-06     4.00000e+01
     9      0.5110        4     4.00000e+02    -9.56573e+02    -1.38862e-07     2.31229e+02     2.11264e-06     4.00000e+01
    10      1.0230        4     4.00000e+02    -9.34928e+02    -1.35720e-07     2.30250e+02     2.28812e-06     4.00000e+01
    11      2.0470        5     4.00000e+02    -8.72679e+02    -1.26683e-07     2.29146e+02     2.47946e-06     4.00000e+01
    12      4.0950        6     4.00000e+02    -7.82423e+02    -1.13581e-07     2.28023e+02     2.66000e-06     4.00000e+01
    13      8.1910        8     4.00000e+02    -6.79091e+02    -9.85808e-08     2.28177e+02     2.57550e-06     4.00000e+01
    14     16.3830       10     4.00000e+02    -5.59007e+02    -8.11488e-08     2.34512e+02     1.29102e-06     4.00000e+01
    15     24.5750        6     4.00000e+02    -4.75287e+02    -6.89955e-08     2.44178e+02     0.00000e+00     4.00000e+01
    16     40.9590       10     4.00000e+02    -3.69920e+02    -5.36998e-08     2.65939e+02     0.00000e+00     4.00000e+01
    17     57.3430        6     4.00000e+02    -2.94933e+02    -4.28142e-08     2.85716e+02     0.00000e+00     4.00000e+01
    18     90.1110       10     4.00000e+02    -2.02581e+02    -2.94078e-08     3.13491e+02     0.00000e+00     4.00000e+01
    19    155.6470       10     4.00000e+02    -1.14945e+02    -1.66861e-08     3.40325e+02     0.00000e+00     4.00000e+01
    20    286.7190       10     4.00000e+02    -6.17073e+01    -8.95779e-09     3.56480e+02     0.00000e+00     4.00000e+01
    21    365.0000        3     4.00000e+02    -4.85788e+01    -7.05198e-09     3.60505e+02     0.00000e+00     4.00000e+01
    22    496.0720        8     4.00000e+02    -4.23621e+01    -6.14954e-09     3.62659e+02     0.00000e+00     4.00000e+01
    23    613.0360        6     4.00000e+02    -4.06845e+01    -5.90600e-09     3.63474e+02     0.00000e+00     4.00000e+01
    24    730.0000        7     4.00000e+02    -4.01811e+01    -5.83293e-09     3.63955e+02     0.00000e+00     4.00000e+01
    25    846.9640        7     4.00000e+02    -4.00241e+01    -5.81014e-09     3.64333e+02     0.00000e+00     4.00000e+01
    26    963.9280        8     4.00000e+02    -3.99706e+01    -5.80237e-09     3.64676e+02     0.00000e+00     4.00000e+01
    27   1029.4640        4     4.00000e+02    -3.99692e+01    -5.80216e-09     3.64880e+02     0.00000e+00     4.00000e+01
    28   1095.0000        6     4.00000e+02    -3.99654e+01    -5.80161e-09     3.65076e+02     0.00000e+00     4.00000e+01
    29   1226.0720        9     4.00000e+02    -4.06742e+01    -5.90450e-09     3.63570e+02     1.02367e+00     4.00000e+01
    30   1343.0360        5     4.00000e+02    -4.30905e+01    -6.25527e-09     3.61277e+02     4.12185e+00     4.00000e+01
    31   1460.0000        5     4.00000e+02    -4.68341e+01    -6.79872e-09     3.58824e+02     8.30170e+00     4.00000e+01
    32   1576.9640        5     4.00000e+02    -5.12041e+01    -7.43309e-09     3.56489e+02     1.28268e+01     4.00000e+01
    33   1693.9280        5     4.00000e+02    -5.58571e+01    -8.10854e-09     3.54296e+02     1.75157e+01     4.00000e+01
    34   1825.0000        5     4.00000e+02    -6.12438e+01    -8.89051e-09     3.51983e+02     2.29004e+01     4.00000e+01
    35   1956.0720        5     4.00000e+02    -6.68777e+01    -9.70836e-09     3.49730e+02     2.85496e+01     4.00000e+01
    36   2073.0360        5     4.00000e+02    -7.21989e+01    -1.04808e-08     3.47709e+02     3.39075e+01     4.00000e+01
    37   2190.0000        5     4.00000e+02    -7.78631e+01    -1.13031e-08     3.45629e+02     3.96283e+01     4.00000e+01
    38   2423.9280       10     4.00000e+02    -9.01902e+01    -1.30925e-08     3.41311e+02     5.20609e+01     4.00000e+01
    39   2555.0000        4     4.00000e+02    -9.80023e+01    -1.42266e-08     3.38713e+02     5.99918e+01     4.00000e+01
    40   2737.5000        7     4.00000e+02    -1.09905e+02    -1.59545e-08     3.34916e+02     7.20129e+01     4.00000e+01
    41   2920.0000        7     4.00000e+02    -1.23039e+02    -1.78611e-08     3.30927e+02     8.52657e+01     4.00000e+01
    42   3102.5000        6     4.00000e+02    -1.37359e+02    -1.99398e-08     3.26790e+02     9.96870e+01     4.00000e+01
    43   3285.0000        6     4.00000e+02    -1.53032e+02    -2.22150e-08     3.22447e+02     1.15479e+02     4.00000e+01
    44   3467.5000        7     4.00000e+02    -1.70348e+02    -2.47288e-08     3.17809e+02     1.32944e+02     4.00000e+01
    45   3650.0000        6     4.00000e+02    -1.89620e+02    -2.75263e-08     3.12801e+02     1.52392e+02     4.00000e+01
    46   3832.5000        6     4.00000e+02    -2.11022e+02    -3.06332e-08     3.07407e+02     1.73978e+02     4.00000e+01
    47   4015.0000        6     4.00000e+02    -2.34465e+02    -3.40363e-08     3.01698e+02     1.97581e+02     4.00000e+01
    48   4197.5000        7     4.00000e+02    -2.59919e+02    -3.77314e-08     2.95704e+02     2.23183e+02     4.00000e+01
    49   4380.0000        6     4.00000e+02    -2.87600e+02    -4.17496e-08     2.89372e+02     2.51025e+02     4.00000e+01
    50   4562.5000        6     4.00000e+02    -3.17769e+02    -4.61292e-08     2.82649e+02     2.81373e+02     4.00000e+01
    51   4745.0000        6     4.00000e+02    -3.50636e+02    -5.09004e-08     2.75505e+02     3.14429e+02     4.00000e+01
    52   4927.5000        6     4.00000e+02    -3.86482e+02    -5.61040e-08     2.67890e+02     3.50478e+02     4.00000e+01
    53   5110.0000        5     4.00000e+02    -4.25733e+02    -6.18020e-08     2.59720e+02     3.89959e+02     4.00000e+01
    54   5292.5000        6     4.00000e+02    -4.68900e+02    -6.80683e-08     2.50899e+02     4.33385e+02     4.00000e+01
    55   5475.0000        5     4.00000e+02    -5.16510e+02    -7.49796e-08     2.41335e+02     4.81280e+02     4.00000e+01
    56   5657.5000        5     4.00000e+02    -5.69085e+02    -8.26118e-08     2.30949e+02     5.34166e+02     4.00000e+01
    57   5840.0000        6     4.00000e+02    -6.27216e+02    -9.10504e-08     2.19649e+02     5.92633e+02     4.00000e+01
    58   6022.5000        6     4.00000e+02    -6.91494e+02    -1.00381e-07     2.07351e+02     6.57271e+02     4.00000e+01
    59   6205.0000        5     4.00000e+02    -7.41551e+02    -1.07648e-07     2.00000e+02     7.07593e+02     3.86843e+01
    60   6570.0000        6     4.00000e+02    -7.85754e+02    -1.14065e-07     2.00000e+02     7.54878e+02     3.36332e+01
    61   6935.0000        3     4.00000e+02    -8.24528e+02    -1.19693e-07     2.00000e+02     7.97419e+02     2.95270e+01
    62   7300.0000        3     4.00000e+02    -8.59764e+02    -1.24808e-07     2.00000e+02     8.35867e+02     2.60678e+01
    63   7665.0000        3     4.00000e+02    -8.92036e+02    -1.29493e-07     2.00000e+02     8.70896e+02     2.31091e+01
    64   8030.0000        2     4.00000e+02    -9.21646e+02    -1.33792e-07     2.00000e+02     9.02876e+02     2.05694e+01
    65   8395.0000        2     4.00000e+02    -9.48795e+02    -1.37733e-07     2.00000e+02     9.32062e+02     1.83897e+01
    66   8760.0000        2     4.00000e+02    -9.73680e+02    -1.41345e-07     2.00000e+02     9.58697e+02     1.65172e+01
    67   9125.0000        2     4.00000e+02    -9.96505e+02    -1.44659e-07     2.00000e+02     9.83032e+02     1.49035e+01
    68   9490.0000        2     4.00000e+02    -1.01748e+03    -1.47703e-07     2.00000e+02     1.00531e+03     1.35064e+01
    69   9855.0000        2     4.00000e+02    -1.03678e+03    -1.50506e-07     2.00000e+02     1.02576e+03     1.22902e+01
    70  10220.0000        2     4.00000e+02    -1.05460e+03    -1.53092e-07     2.00000e+02     1.04458e+03     1.12260e+01
    71  10585.0000        2     4.00000e+02    -1.07108e+03    -1.55485e-07     2.00000e+02     1.06194e+03     1.02897e+01
    72  10950.0000        2     4.00000e+02    -1.08636e+03    -1.57703e-07     2.00000e+02     1.07800e+03     9.46216e+00
