    TS         Day   Newton          W1:BHP             W1:WAT             W1:OIL          W2:BHP             W2:WAT             W2:OIL
     1      0.0010        2     4.00000e+02    -5.48256e+02    -7.95881e-08     2.42309e+02     2.80851e-07     4.00000e+01
     2      0.0030        2     4.00000e+02    -4.50562e+02    -6.54062e-08     2.40567e+02     6.06860e-07     4.00000e+01
     3      0.0070        2     4.00000e+02    -3.79453e+02    -5.50837e-08     2.38904e+02     9.18055e-07     4.00000e+01
     4      0.0150        2     4.00000e+02    -3.54129e+02    -5.14074e-08     2.37494e+02     1.18183e-06     4.00000e+01
     5      0.0310        2     4.00000e+02    -3.91905e+02    -5.68912e-08     2.36296e+02     1.40589e-06     4.00000e+01
     6      0.0630        2     4.00000e+02    -4.86646e+02    -7.06444e-08     2.35215e+02     1.60773e-06     4.00000e+01
     7      0.1270        3     4.00000e+02    -5.95682e+02    -8.64727e-08     2.34198e+02     1.79703e-06     4.00000e+01
     8      0.2550        3     4.00000e+02    -6.85068e+02    -9.94485e-08     2.33218e+02     1.97853e-06     4.00000e+01
     9      0.5110        4     4.00000e+02    -7.44784e+02    -1.08117e-07     2.32242e+02     2.15750e-06     4.00000e+01
    10      1.0230        4     4.00000e+02    -7.70697e+02    -1.11879e-07     2.31209e+02     2.34334e-06     4.00000e+01
    11      2.0470        5     4.00000e+02    -7.56031e+02    -1.09750e-07     2.30047e+02     2.54597e-06     4.00000e+01
    12      4.0950        6     4.00000e+02    -7.08320e+02    -1.02824e-07     2.28843e+02     2.74268e-06     4.00000e+01
    13      8.1910        8     4.00000e+02    -6.37873e+02    -9.25974e-08     2.28740e+02     2.70815e-06     4.00000e+01
    14     16.3830       10     4.00000e+02    -5.43686e+02    -7.89247e-08     2.34337e+02     1.56524e-06     4.00000e+01
    15     24.5750        6     4.00000e+02    -4.72990e+02    -6.86620e-08     2.43286e+02     0.00000e+00     4.00000e+01
    16     32.7670        5     4.00000e+02    -4.16830e+02    -6.05095e-08     2.53770e+02     0.00000e+00     4.00000e+01
    17     49.1510        9     4.00000e+02    -3.35936e+02    -4.87665e-08     2.74489e+02     0.00000e+00     4.00000e+01
    18     65.5350        5     4.00000e+02    -2.73579e+02    -3.97143e-08     2.92586e+02     0.00000e+00     4.00000e+01
    19     98.3030        9     4.00000e+02    -1.91930e+02    -2.78617e-08     3.17730e+02     0.00000e+00     4.00000e+01
    20    163.8390        9     4.00000e+02    -1.11529e+02    -1.61902e-08     3.42277e+02     0.00000e+00     4.00000e+01
    21    294.9110       10     4.00000e+02    -6.12471e+01    -8.89099e-09     3.57389e+02     0.00000e+00     4.00000e+01
    22    365.0000        3     4.00000e+02    -4.91500e+01    -7.13491e-09     3.61046e+02     0.00000e+00     4.00000e+01
    23    496.0720        7     4.00000e+02    -4.25747e+01    -6.18039e-09     3.63263e+02     0.00000e+00     4.00000e+01
    24    613.0360        5     4.00000e+02    -4.07484e+01    -5.91528e-09     3.64092e+02     0.00000e+00     4.00000e+01
    25    730.0000        6     4.00000e+02    -4.01854e+01    -5.83355e-09     3.64566e+02     0.00000e+00     4.00000e+01
    26    846.9640        6     4.00000e+02    -4.00071e+01    -5.80767e-09     3.64927e+02     0.00000e+00     4.00000e+01
    27    963.9280        7     4.00000e+02    -3.99461e+01    -5.79881e-09     3.65254e+02     0.00000e+00     4.00000e+01
    28   1095.0000       10     4.00000e+02    -3.99141e+01    -5.79417e-09     3.65585e+02     0.00000e+00     4.00000e+01
    29   1160.5360        4     4.00000e+02    -3.99192e+01    -5.79491e-09     3.65763e+02     0.00000e+00     4.00000e+01
    30   1291.6080       10     4.00000e+02    -4.04633e+01    -5.87390e-09     3.64583e+02     7.96717e-01     4.00000e+01
    31   1460.0000        6     4.00000e+02    -4.39788e+01    -6.38423e-09     3.61497e+02     5.11407e+00     4.00000e+01
    32   1628.3920        7     4.00000e+02    -4.97710e+01    -7.22505e-09     3.58084e+02     1.14466e+01     4.00000e+01
    33   1825.0000        8     4.00000e+02    -5.73963e+01    -8.33199e-09     3.54487e+02     1.91741e+01     4.00000e+01
    34   2007.5000        5     4.00000e+02    -6.49108e+01    -9.42284e-09     3.51365e+02     2.67001e+01     4.00000e+01
    35   2190.0000        6     4.00000e+02    -7.28946e+01    -1.05818e-08     3.48312e+02     3.47146e+01     4.00000e+01
    36   2372.5000        6     4.00000e+02    -8.15496e+01    -1.18382e-08     3.45198e+02     4.34408e+01     4.00000e+01
    37   2555.0000        6     4.00000e+02    -9.11373e+01    -1.32300e-08     3.41896e+02     5.31445e+01     4.00000e+01
    38   2737.5000        6     4.00000e+02    -1.01890e+02    -1.47910e-08     3.38324e+02     6.40464e+01     4.00000e+01
    39   2920.0000        6     4.00000e+02    -1.13876e+02    -1.65309e-08     3.34505e+02     7.61804e+01     4.00000e+01
    40   3102.5000        6     4.00000e+02    -1.27031e+02    -1.84405e-08     3.30502e+02     8.94604e+01     4.00000e+01
    41   3285.0000        6     4.00000e+02    -1.41349e+02    -2.05191e-08     3.26332e+02     1.03895e+02     4.00000e+01
    42   3467.5000        6     4.00000e+02    -1.56953e+02    -2.27842e-08     3.21959e+02     1.19625e+02     4.00000e+01
    43   3650.0000        6     4.00000e+02    -1.74055e+02    -2.52668e-08     3.17319e+02     1.36877e+02     4.00000e+01
    44   3832.5000        6     4.00000e+02    -1.92908e+02    -2.80037e-08     3.12351e+02     1.55904e+02     4.00000e+01
    45   4015.0000        6     4.00000e+02    -2.13756e+02    -3.10301e-08     3.07002e+02     1.76946e+02     4.00000e+01
    46   4197.5000        6     4.00000e+02    -2.36703e+02    -3.43613e-08     3.01275e+02     2.00088e+02     4.00000e+01
    47   4380.0000        7     4.00000e+02    -2.61788e+02    -3.80027e-08     2.95189e+02     2.25360e+02     4.00000e+01
    48   4562.5000        6     4.00000e+02    -2.89113e+02    -4.19694e-08     2.88735e+02     2.52873e+02     4.00000e+01
    49   4745.0000        6     4.00000e+02    -3.18814e+02    -4.62809e-08     2.81894e+02     2.82767e+02     4.00000e+01
    50   4927.5000        7     4.00000e+02    -3.51052e+02    -5.09607e-08     2.74643e+02     3.15204e+02     4.00000e+01
    51   5110.0000        6     4.00000e+02    -3.85981e+02    -5.60312e-08     2.66960e+02     3.50338e+02     4.00000e+01
    52   5292.5000        7     4.00000e+02    -4.23822e+02    -6.15245e-08     2.58807e+02     3.88396e+02     4.00000e+01
    53   5475.0000        7     4.00000e+02    -4.64995e+02    -6.75015e-08     2.50094e+02     4.29813e+02     4.00000e+01
    54   5657.5000        7     4.00000e+02    -5.10029e+02    -7.40388e-08     2.40714e+02     4.75125e+02     4.00000e+01
    55   5840.0000        6     4.00000e+02    -5.59551e+02    -8.12278e-08     2.30545e+02     5.24965e+02     4.00000e+01
    56   6022.5000        6     4.00000e+02    -6.14217e+02    -8.91634e-08     2.19468e+02     5.79986e+02     4.00000e+01
    57   6205.0000        6     4.00000e+02    -6.74617e+02    -9.79314e-08     2.07389e+02     6.40769e+02     4.00000e+01
    58   6570.0000        8     4.00000e+02    -7.41713e+02    -1.07671e-07     2.00000e+02     7.09496e+02     3.61722e+01
    59   6935.0000        4     4.00000e+02    -7.79283e+02    -1.13125e-07     2.00000e+02     7.50344e+02     3.16117e+01
    60   7300.0000        3     4.00000e+02    -8.12705e+02    -1.17977e-07     2.00000e+02     7.87250e+02     2.78188e+01
    61   7665.0000        3     4.00000e+02    -8.43165e+02    -1.22399e-07     2.00000e+02     8.20704e+02     2.45886e+01
    62   8030.0000        2     4.00000e+02    -8.71000e+02    -1.26440e-07     2.00000e+02     8.51105e+02     2.18264e+01
    63   8395.0000        3     4.00000e+02    -8.96411e+02    -1.30128e-07     2.00000e+02     8.78708e+02     1.94684e+01
    64   8760.0000        2     4.00000e+02    -9.19598e+02    -1.33494e-07     2.00000e+02     9.03768e+02     1.74546e+01
    65   9125.0000        2     4.00000e+02    -9.40777e+02    -1.36569e-07     2.00000e+02     9.26554e+02     1.57284e+01
    66   9490.0000        2     4.00000e+02    -9.60164e+02    -1.39383e-07     2.00000e+02     9.47328e+02     1.42404e+01
    67   9855.0000        2     4.00000e+02    -9.77957e+02    -1.41966e-07     2.00000e+02     9.66327e+02     1.29497e+01
    68  10220.0000        2     4.00000e+02    -9.94334e+02    -1.44343e-07     2.00000e+02     9.83757e+02     1.18232e+01
    69  10585.0000        2     4.00000e+02    -1.00945e+03    -1.46537e-07     2.00000e+02     9.99798e+02     1.08342e+01
    70  10950.0000        2     4.00000e+02    -1.02343e+03    -1.48568e-07     2.00000e+02     1.01460e+03     9.96148e+00
