    TS         Day   Newton          W1:BHP             W1:WAT             W1:OIL          W2:BHP             W2:WAT             W2:OIL
     1      0.0010        2     4.00000e+02    -7.18639e+02    -1.04322e-07     2.43204e+02     2.54178e-07     4.00000e+01
     2      0.0030        2     4.00000e+02    -5.65316e+02    -8.20645e-08     2.41672e+02     5.40949e-07     4.00000e+01
     3      0.0070        2     4.00000e+02    -4.78363e+02    -6.94419e-08     2.40240e+02     8.08944e-07     4.00000e+01
     4      0.0150        2     4.00000e+02    -4.73738e+02    -6.87705e-08     2.39031e+02     1.03509e-06     4.00000e+01
     5      0.0310        2     4.00000e+02    -5.50753e+02    -7.99506e-08     2.37995e+02     1.22873e-06     4.00000e+01
     6      0.0630        3     4.00000e+02    -6.56416e+02    -9.52892e-08     2.37052e+02     1.40485e-06     4.00000e+01
     7      0.1270        3     4.00000e+02    -7.42515e+02    -1.07788e-07     2.36154e+02     1.57220e-06     4.00000e+01
     8      0.2550        4     4.00000e+02    -7.97346e+02    -1.15747e-07     2.35273e+02     1.73552e-06     4.00000e+01
     9      0.5110        4     4.00000e+02    -8.20479e+02    -1.19106e-07     2.34383e+02     1.89924e-06     4.00000e+01
    10      1.0230        5     4.00000e+02    -8.08552e+02    -1.17374e-07     2.33431e+02     2.07148e-06     4.00000e+01
    11      2.0470        5     4.00000e+02    -7.65083e+02    -1.11064e-07     2.32351e+02     2.26202e-06     4.00000e+01
    12      4.0950        6     4.00000e+02    -7.00131e+02    -1.01635e-07     2.31227e+02     2.45003e-06     4.00000e+01
    13      8.1910        9     4.00000e+02    -6.21752e+02    -9.02573e-08     2.31171e+02     2.41804e-06     4.00000e+01
    14     16.3830       10     4.00000e+02    -5.27652e+02    -7.65971e-08     2.36649e+02     1.31686e-06     4.00000e+01
    15     24.5750        6     4.00000e+02    -4.60369e+02    -6.68298e-08     2.45382e+02     0.00000e+00     4.00000e+01
    16     40.9590       10     4.00000e+02    -3.70225e+02    -5.37440e-08     2.65873e+02     0.00000e+00     4.00000e+01
    17     57.3430        6     4.00000e+02    -3.02523e+02    -4.39161e-08     2.85047e+02     0.00000e+00     4.00000e+01
    18     90.1110       10     4.00000e+02    -2.13365e+02    -3.09733e-08     3.12993e+02     0.00000e+00     4.00000e+01
    19    155.6470       10     4.00000e+02    -1.23113e+02    -1.78719e-08     3.41131e+02     0.00000e+00     4.00000e+01
    20    286.7190       10     4.00000e+02    -6.51209e+01    -9.45334e-09     3.58780e+02     0.00000e+00     4.00000e+01
    21    365.0000        4     4.00000e+02    -5.02668e+01    -7.29702e-09     3.63295e+02     0.00000e+00     4.00000e+01
    22    496.0720        8     4.00000e+02    -4.29659e+01    -6.23719e-09     3.65747e+02     0.00000e+00     4.00000e+01
    23    613.0360        6     4.00000e+02    -4.09197e+01    -5.94015e-09     3.66651e+02     0.00000e+00     4.00000e+01
    24    730.0000        6     4.00000e+02    -4.02832e+01    -5.84775e-09     3.67151e+02     0.00000e+00     4.00000e+01
    25    846.9640        7     4.00000e+02    -4.00831e+01    -5.81871e-09     3.67529e+02     0.00000e+00     4.00000e+01
    26    963.9280        7     4.00000e+02    -4.00148e+01    -5.80878e-09     3.67866e+02     0.00000e+00     4.00000e+01
    27   1029.4640        4     4.00000e+02    -4.00064e+01    -5.80757e-09     3.68065e+02     0.00000e+00     4.00000e+01
    28   1095.0000        5     4.00000e+02    -3.99984e+01    -5.80641e-09     3.68258e+02     0.00000e+00     4.00000e+01
    29   1160.5360        8     4.00000e+02    -3.99892e+01    -5.80506e-09     3.68408e+02     3.94094e-04     4.00000e+01
    30   1291.6080        9     4.00000e+02    -4.11327e+01    -5.97106e-09     3.66686e+02     1.63439e+00     4.00000e+01
    31   1460.0000        7     4.00000e+02    -4.54731e+01    -6.60114e-09     3.63711e+02     6.74772e+00     4.00000e+01
    32   1628.3920        6     4.00000e+02    -5.12662e+01    -7.44210e-09     3.60821e+02     1.28323e+01     4.00000e+01
    33   1825.0000        8     4.00000e+02    -5.84589e+01    -8.48624e-09     3.57834e+02     2.00332e+01     4.00000e+01
    34   2007.5000        6     4.00000e+02    -6.55412e+01    -9.51435e-09     3.55211e+02     2.71212e+01     4.00000e+01
    35   2190.0000        6     4.00000e+02    -7.34484e+01    -1.06622e-08     3.52435e+02     3.51308e+01     4.00000e+01
    36   2372.5000        6     4.00000e+02    -8.25285e+01    -1.19803e-08     3.49377e+02     4.43710e+01     4.00000e+01
    37   2555.0000        6     4.00000e+02    -9.27821e+01    -1.34688e-08     3.46093e+02     5.47676e+01     4.00000e+01
    38   2737.5000        6     4.00000e+02    -1.04090e+02    -1.51103e-08     3.42664e+02     6.61844e+01     4.00000e+01
    39   2920.0000        6     4.00000e+02    -1.16371e+02    -1.68932e-08     3.39136e+02     7.85533e+01     4.00000e+01
    40   3102.5000        6     4.00000e+02    -1.29688e+02    -1.88263e-08     3.35486e+02     9.19609e+01     4.00000e+01
    41   3285.0000        6     4.00000e+02    -1.44257e+02    -2.09411e-08     3.31642e+02     1.06648e+02     4.00000e+01
    42   3467.5000        6     4.00000e+02    -1.60365e+02    -2.32795e-08     3.27524e+02     1.22906e+02     4.00000e+01
    43   3650.0000        6     4.00000e+02    -1.78273e+02    -2.58791e-08     3.23078e+02     1.40988e+02     4.00000e+01
    44   3832.5000        6     4.00000e+02    -1.98125e+02    -2.87610e-08     3.18293e+02     1.61019e+02     4.00000e+01
    45   4015.0000        6     4.00000e+02    -2.20024e+02    -3.19400e-08     3.13170e+02     1.83097e+02     4.00000e+01
    46   4197.5000        7     4.00000e+02    -2.44040e+02    -3.54263e-08     3.07715e+02     2.07288e+02     4.00000e+01
    47   4380.0000        7     4.00000e+02    -2.70083e+02    -3.92068e-08     3.01983e+02     2.33483e+02     4.00000e+01
    48   4562.5000        6     4.00000e+02    -2.98166e+02    -4.32836e-08     2.95985e+02     2.61713e+02     4.00000e+01
    49   4745.0000        7     4.00000e+02    -3.28522e+02    -4.76902e-08     2.89666e+02     2.92231e+02     4.00000e+01
    50   4927.5000        7     4.00000e+02    -3.61451e+02    -5.24704e-08     2.82966e+02     3.25344e+02     4.00000e+01
    51   5110.0000        7     4.00000e+02    -3.97311e+02    -5.76759e-08     2.75813e+02     3.61410e+02     4.00000e+01
    52   5292.5000        6     4.00000e+02    -4.36435e+02    -6.33555e-08     2.68153e+02     4.00759e+02     4.00000e+01
    53   5475.0000        6     4.00000e+02    -4.79186e+02    -6.95614e-08     2.59926e+02     4.43753e+02     4.00000e+01
    54   5657.5000        7     4.00000e+02    -5.26001e+02    -7.63574e-08     2.51061e+02     4.90835e+02     4.00000e+01
    55   5840.0000        7     4.00000e+02    -5.77458e+02    -8.38273e-08     2.41458e+02     5.42590e+02     4.00000e+01
    56   6022.5000        7     4.00000e+02    -6.34265e+02    -9.20736e-08     2.30998e+02     5.99731e+02     4.00000e+01
    57   6205.0000        6     4.00000e+02    -6.97101e+02    -1.01195e-07     2.19577e+02     6.62935e+02     4.00000e+01
    58   6570.0000        7     4.00000e+02    -8.17112e+02    -1.18617e-07     2.00000e+02     7.84037e+02     3.86777e+01
    59   6935.0000        4     4.00000e+02    -8.61828e+02    -1.25108e-07     2.00000e+02     8.31257e+02     3.33760e+01
    60   7300.0000        3     4.00000e+02    -9.00709e+02    -1.30752e-07     2.00000e+02     8.74116e+02     2.90411e+01
    61   7665.0000        3     4.00000e+02    -9.35805e+02    -1.35847e-07     2.00000e+02     9.12581e+02     2.54134e+01
    62   8030.0000        3     4.00000e+02    -9.67536e+02    -1.40453e-07     2.00000e+02     9.47144e+02     2.23696e+01
    63   8395.0000        3     4.00000e+02    -9.96232e+02    -1.44619e-07     2.00000e+02     9.78222e+02     1.98114e+01
    64   8760.0000        2     4.00000e+02    -1.02221e+03    -1.48390e-07     2.00000e+02     1.00621e+03     1.76526e+01
    65   9125.0000        3     4.00000e+02    -1.04579e+03    -1.51813e-07     2.00000e+02     1.03150e+03     1.58196e+01
    66   9490.0000        2     4.00000e+02    -1.06724e+03    -1.54927e-07     2.00000e+02     1.05442e+03     1.42521e+01
    67   9855.0000        2     4.00000e+02    -1.08684e+03    -1.57771e-07     2.00000e+02     1.07528e+03     1.29019e+01
    68  10220.0000        2     4.00000e+02    -1.10478e+03    -1.60377e-07     2.00000e+02     1.09433e+03     1.17309e+01
    69  10585.0000        2     4.00000e+02    -1.12128e+03    -1.62771e-07     2.00000e+02     1.11178e+03     1.07089e+01
    70  10950.0000        2     4.00000e+02    -1.13648e+03    -1.64978e-07     2.00000e+02     1.12783e+03     9.81170e+00
